      QW_SEQ          OBS     CENSORED      MODELED
        3255     0.020000         True     0.000987
        3256     0.020000         True     0.001330
        3064     0.020000         True     0.001599
        3075     0.020000         True     0.001830
        3077     0.020000         True     0.002039
        3078     0.020000         True     0.002232
        3100     0.020000         True     0.002412
        3101     0.020000         True     0.002584
        3102     0.020000         True     0.002748
        3104     0.020000         True     0.002906
        3117     0.020000         True     0.003058
        3119     0.020000         True     0.003207
        3124     0.020000         True     0.003351
        3125     0.020000         True     0.003492
        3126     0.020000         True     0.003631
        3153     0.020000         True     0.003766
        3161     0.020000         True     0.003900
        3162     0.020000         True     0.004031
        3165     0.020000         True     0.004160
        3168     0.020000         True     0.004288
        3213     0.020000         True     0.004414
        3214     0.020000         True     0.004539
        3215     0.020000         True     0.004662
        3225     0.020000         True     0.004784
        3234     0.020000         True     0.004905
        3235     0.020000         True     0.005025
        3645     0.020000         True     0.005144
        3666     0.020000         True     0.005262
        3671     0.020000         True     0.005380
        3678     0.020000         True     0.005496
        3681     0.020000         True     0.005612
        3682     0.020000         True     0.005727
        3691     0.020000         True     0.005842
        3696     0.020000         True     0.005956
        3697     0.020000         True     0.006070
        3714     0.020000         True     0.006183
        3716     0.020000         True     0.006295
        3447     0.020000         True     0.006408
        3470     0.020000         True     0.006519
        3471     0.020000         True     0.006631
        3472     0.020000         True     0.006742
        3479     0.020000         True     0.006853
        3480     0.020000         True     0.006963
        3482     0.020000         True     0.007073
        3483     0.020000         True     0.007183
        3485     0.020000         True     0.007293
        3486     0.020000         True     0.007402
        3488     0.020000         True     0.007511
        3490     0.020000         True     0.007620
        3491     0.020000         True     0.007729
        3492     0.020000         True     0.007838
        3493     0.020000         True     0.007947
        3494     0.020000         True     0.008055
        3495     0.020000         True     0.008163
        3496     0.020000         True     0.008271
        3497     0.020000         True     0.008380
        3498     0.020000         True     0.008488
        3499     0.020000         True     0.008595
        3500     0.020000         True     0.008703
        3501     0.020000         True     0.008811
        3502     0.020000         True     0.008919
        3503     0.020000         True     0.009027
        3504     0.020000         True     0.009134
        3505     0.020000         True     0.009242
        3510     0.020000         True     0.009350
        3511     0.020000         True     0.009457
        3512     0.020000         True     0.009565
        3514     0.020000         True     0.009672
        3515     0.020000         True     0.009780
        3526     0.020000         True     0.009888
        3531     0.020000         True     0.009995
        3532     0.020000         True     0.010103
        3533     0.020000         True     0.010211
        3534     0.020000         True     0.010319
        3535     0.020000         True     0.010427
        3536     0.020000         True     0.010535
        3537     0.020000         True     0.010643
        3538     0.020000         True     0.010751
        3539     0.020000         True     0.010859
        3540     0.020000         True     0.010967
        3541     0.020000         True     0.011075
        3542     0.020000         True     0.011184
        3543     0.020000         True     0.011292
        3552     0.020000         True     0.011401
        3592     0.020000         True     0.011510
        3593     0.020000         True     0.011618
        3605     0.020000         True     0.011727
        3609     0.020000         True     0.011836
        3611     0.020000         True     0.011945
        3613     0.020000         True     0.012055
        3628     0.020000         True     0.012164
        3636     0.020000         True     0.012274
        4117     0.020000         True     0.012383
        3759     0.020000         True     0.012493
        3761     0.020000        False     0.020000
        3762     0.020000        False     0.020000
        3763     0.020000         True     0.012603
        3764     0.020000         True     0.012713
        4458     0.020000         True     0.012823
        4542     0.020000         True     0.012934
        4545     0.020000         True     0.013044
        4198     0.020000         True     0.013155
        4237     0.020000         True     0.013266
        4247     0.020000         True     0.013377
        4255     0.020000         True     0.013488
        4265     0.020000         True     0.013599
        4274     0.020000         True     0.013711
        4278     0.020000         True     0.013823
        4280     0.020000         True     0.013935
        4287     0.020000         True     0.014047
        4288     0.020000         True     0.014159
        4298     0.020000         True     0.014271
        4300     0.020000         True     0.014384
        4310     0.020000         True     0.014497
        4315     0.020000         True     0.014610
        4316     0.020000         True     0.014723
        4317     0.020000         True     0.014837
        4325     0.020000         True     0.014950
        4329     0.020000         True     0.015064
        4445     0.020000         True     0.015178
        4446     0.020000         True     0.015293
        4448     0.020000         True     0.015407
        4942     0.020000         True     0.015522
        4571     0.020000         True     0.015637
        4775     0.020000         True     0.015752
        4777     0.020000         True     0.015867
        4778     0.020000         True     0.015983
        4780     0.020000         True     0.016099
        4781     0.020000         True     0.016215
        4782     0.020000         True     0.016331
        4783     0.020000         True     0.016448
        4804     0.020000         True     0.016565
        4823     0.020000         True     0.016682
        5050     0.020000         True     0.016799
        5053     0.020000         True     0.016917
        5054     0.020000         True     0.017035
        5055     0.020000         True     0.017153
        5056     0.020000         True     0.017271
        3652     0.020126        False     0.020126
        4959     0.020378        False     0.020378
        3484     0.020617        False     0.020617
        4312     0.020800        False     0.020800
        3632     0.020850        False     0.020850
        3066     0.021056        False     0.021056
        4574     0.021100        False     0.021100
        3680     0.021121        False     0.021121
        4956     0.021144        False     0.021144
        4299     0.021408        False     0.021408
        3076     0.021696        False     0.021696
        3713     0.021723        False     0.021723
        4291     0.021828        False     0.021828
        3135     0.022089        False     0.022089
        4318     0.022213        False     0.022213
        3122     0.022549        False     0.022549
        4277     0.022700        False     0.022700
        3224     0.022879        False     0.022879
        5002     0.022996        False     0.022996
        5049     0.023000        False     0.023000
        3627     0.023431        False     0.023431
        4450     0.023524        False     0.023524
        3481     0.023543        False     0.023543
        3474     0.023736        False     0.023736
        3641     0.024055        False     0.024055
        3148     0.024502        False     0.024502
        4283     0.025096        False     0.025096
        3715     0.025422        False     0.025422
        3068     0.025651        False     0.025651
        3598     0.025835        False     0.025835
        4776     0.026000        False     0.026000
        3489     0.026029        False     0.026029
        3138     0.026113        False     0.026113
        3206     0.026182        False     0.026182
        3079     0.026558        False     0.026558
        3527     0.026728        False     0.026728
        3152     0.026789        False     0.026789
        4537     0.026900        False     0.026900
        3072     0.027068        False     0.027068
        4328     0.027081        False     0.027081
        4812     0.027318        False     0.027318
        4460     0.027320        False     0.027320
        4546     0.027800        False     0.027800
        3513     0.027909        False     0.027909
        3525     0.027916        False     0.027916
        3647     0.028535        False     0.028535
        3994     0.028600        False     0.028600
        4266     0.028804        False     0.028804
        3123     0.029017        False     0.029017
        4461     0.029800        False     0.029800
        3139     0.029860        False     0.029860
        4806     0.029885        False     0.029885
        4261     0.029997        False     0.029997
        2887     0.030000        False     0.030000
        2689     0.030000         True     0.006444
        2706     0.030000         True     0.010604
        3328     0.030000        False     0.030000
        3349     0.030000         True     0.014832
        4979     0.030000         True     0.019358
        3074     0.030192        False     0.030192
        3127     0.030342        False     0.030342
        3579     0.030418        False     0.030418
        3098     0.030548        False     0.030548
        4442     0.030610        False     0.030610
        4449     0.030685        False     0.030685
        3633     0.030719        False     0.030719
        4240     0.030720        False     0.030720
        3658     0.031289        False     0.031289
        3704     0.031606        False     0.031606
        3604     0.031721        False     0.031721
        3252     0.031849        False     0.031849
        4965     0.031882        False     0.031882
        4456     0.032138        False     0.032138
        4802     0.032203        False     0.032203
        4444     0.032498        False     0.032498
        3203     0.032507        False     0.032507
        3880     0.032600        False     0.032600
        3711     0.033070        False     0.033070
        3590     0.033227        False     0.033227
        4789     0.033289        False     0.033289
        3063     0.033454        False     0.033454
        3071     0.033480        False     0.033480
        3679     0.033606        False     0.033606
        3096     0.033636        False     0.033636
        3583     0.033650        False     0.033650
        3577     0.033730        False     0.033730
        4320     0.033774        False     0.033774
        3120     0.033822        False     0.033822
        3069     0.033891        False     0.033891
        5052     0.034000        False     0.034000
        4293     0.034245        False     0.034245
        4971     0.034318        False     0.034318
        3509     0.034641        False     0.034641
        3070     0.034661        False     0.034661
        3204     0.034695        False     0.034695
        4814     0.034710        False     0.034710
        4238     0.034744        False     0.034744
        3580     0.034789        False     0.034789
        3226     0.034968        False     0.034968
        3650     0.034980        False     0.034980
        3706     0.035116        False     0.035116
        4818     0.035167        False     0.035167
        4828     0.035322        False     0.035322
        3149     0.035645        False     0.035645
        4088     0.035857        False     0.035857
        3646     0.035958        False     0.035958
        3159     0.036084        False     0.036084
        3469     0.036112        False     0.036112
        4807     0.036788        False     0.036788
        3760     0.037000         True     0.011046
        5047     0.037000         True     0.020375
        4451     0.037033        False     0.037033
        3656     0.037260        False     0.037260
        4827     0.037263        False     0.037263
        3160     0.037390        False     0.037390
        3253     0.037458        False     0.037458
        3698     0.037491        False     0.037491
        3700     0.037643        False     0.037643
        3648     0.037670        False     0.037670
        4249     0.037748        False     0.037748
        3712     0.037930        False     0.037930
        3137     0.038027        False     0.038027
        3653     0.038083        False     0.038083
        3657     0.038748        False     0.038748
        3507     0.038899        False     0.038899
        3642     0.038899        False     0.038899
        4586     0.038900        False     0.038900
        3251     0.039064        False     0.039064
        4543     0.039200        False     0.039200
        3448     0.039365        False     0.039365
        4296     0.039400        False     0.039400
        3655     0.039457        False     0.039457
        4326     0.039500        False     0.039500
        3099     0.039541        False     0.039541
        4785     0.039546        False     0.039546
        3154     0.039587        False     0.039587
        4447     0.039600        False     0.039600
        4245     0.039733        False     0.039733
        4125     0.039800        False     0.039800
        3254     0.039938        False     0.039938
        3630     0.039965        False     0.039965
        2898     0.040000        False     0.040000
        3250     0.040000         True     0.001480
        3258     0.040000        False     0.040000
        3259     0.040000        False     0.040000
        3260     0.040000        False     0.040000
        3330     0.040000        False     0.040000
        3331     0.040000        False     0.040000
        3340     0.040000        False     0.040000
        3065     0.040000         True     0.002053
        3067     0.040000         True     0.002518
        3073     0.040000         True     0.002928
        3080     0.040000        False     0.040000
        3081     0.040000        False     0.040000
        3093     0.040000         True     0.003305
        3094     0.040000         True     0.003660
        3095     0.040000         True     0.003999
        3097     0.040000         True     0.004324
        3105     0.040000        False     0.040000
        3106     0.040000        False     0.040000
        3116     0.040000         True     0.004640
        3118     0.040000         True     0.004948
        3121     0.040000         True     0.005250
        3128     0.040000        False     0.040000
        3134     0.040000         True     0.005546
        3136     0.040000         True     0.005839
        3141     0.040000        False     0.040000
        3150     0.040000         True     0.006127
        3151     0.040000         True     0.006412
        3156     0.040000        False     0.040000
        3164     0.040000         True     0.006695
        3166     0.040000         True     0.006975
        3167     0.040000         True     0.007254
        3184     0.040000         True     0.007532
        3185     0.040000         True     0.007808
        3197     0.040000         True     0.008083
        3198     0.040000         True     0.008357
        3205     0.040000         True     0.008631
        3212     0.040000         True     0.008904
        3216     0.040000         True     0.009177
        3222     0.040000         True     0.009450
        3223     0.040000         True     0.009723
        3233     0.040000         True     0.009996
        3236     0.040000        False     0.040000
        3637     0.040000        False     0.040000
        3638     0.040000        False     0.040000
        3643     0.040000        False     0.040000
        3675     0.040000        False     0.040000
        3676     0.040000        False     0.040000
        3684     0.040000        False     0.040000
        3692     0.040000        False     0.040000
        3699     0.040000        False     0.040000
        3703     0.040000        False     0.040000
        3705     0.040000        False     0.040000
        3717     0.040000         True     0.010270
        3722     0.040000         True     0.010543
        3725     0.040000        False     0.040000
        3731     0.040000         True     0.010817
        3732     0.040000         True     0.011092
        3733     0.040000        False     0.040000
        3434     0.040000        False     0.040000
        3443     0.040000         True     0.011367
        3457     0.040000        False     0.040000
        3473     0.040000        False     0.040000
        3524     0.040000         True     0.011643
        3600     0.040000        False     0.040000
        3610     0.040000        False     0.040000
        3629     0.040000        False     0.040000
        3634     0.040000        False     0.040000
        4095     0.040000        False     0.040000
        4104     0.040000        False     0.040000
        4126     0.040000        False     0.040000
        4137     0.040000         True     0.011919
        3734     0.040000         True     0.012197
        3786     0.040000         True     0.012475
        3789     0.040000         True     0.012754
        3791     0.040000         True     0.013034
        3799     0.040000         True     0.013315
        3801     0.040000         True     0.013597
        3803     0.040000         True     0.013880
        3807     0.040000         True     0.014164
        3808     0.040000        False     0.040000
        3841     0.040000         True     0.014450
        3847     0.040000         True     0.014737
        3874     0.040000        False     0.040000
        4466     0.040000         True     0.015025
        4467     0.040000         True     0.015315
        4468     0.040000        False     0.040000
        4479     0.040000        False     0.040000
        4544     0.040000        False     0.040000
        4168     0.040000         True     0.015606
        4184     0.040000         True     0.015898
        4185     0.040000         True     0.016192
        4186     0.040000         True     0.016487
        4187     0.040000         True     0.016784
        4244     0.040000         True     0.017083
        4248     0.040000         True     0.017383
        4252     0.040000        False     0.040000
        4262     0.040000         True     0.017685
        4263     0.040000        False     0.040000
        4268     0.040000        False     0.040000
        4272     0.040000        False     0.040000
        4279     0.040000         True     0.017989
        4285     0.040000        False     0.040000
        4295     0.040000        False     0.040000
        4297     0.040000         True     0.018294
        4301     0.040000        False     0.040000
        4319     0.040000         True     0.018601
        4324     0.040000         True     0.018910
        4333     0.040000         True     0.019221
        4957     0.040000        False     0.040000
        4962     0.040000        False     0.040000
        4966     0.040000        False     0.040000
        4970     0.040000         True     0.019533
        4994     0.040000        False     0.040000
        4995     0.040000         True     0.019848
        4996     0.040000         True     0.020164
        4997     0.040000        False     0.040000
        4999     0.040000         True     0.020483
        5000     0.040000         True     0.020804
        5001     0.040000        False     0.040000
        5005     0.040000         True     0.021126
        5006     0.040000         True     0.021451
        5007     0.040000         True     0.021778
        5008     0.040000         True     0.022107
        5011     0.040000        False     0.040000
        5012     0.040000        False     0.040000
        5013     0.040000         True     0.022438
        5015     0.040000         True     0.022772
        5016     0.040000         True     0.023108
        4772     0.040000        False     0.040000
        4773     0.040000         True     0.023446
        4784     0.040000        False     0.040000
        4798     0.040000        False     0.040000
        4801     0.040000        False     0.040000
        4815     0.040000        False     0.040000
        5107     0.040000         True     0.023786
        5108     0.040000         True     0.024129
        5118     0.040000         True     0.024474
        5126     0.040000         True     0.024822
        5127     0.040000        False     0.040000
        5128     0.040000         True     0.025172
        5129     0.040000         True     0.025525
        5135     0.040000         True     0.025880
        5136     0.040000         True     0.026238
        5137     0.040000         True     0.026599
        5138     0.040000         True     0.026962
        5139     0.040000         True     0.027328
        5140     0.040000         True     0.027697
        5141     0.040000         True     0.028068
        5146     0.040000        False     0.040000
        5152     0.040000         True     0.028442
        5154     0.040000        False     0.040000
        5156     0.040000        False     0.040000
        5195     0.040000         True     0.028820
        5196     0.040000         True     0.029200
        5198     0.040000        False     0.040000
        5201     0.040000         True     0.029583
        5203     0.040000         True     0.029969
        5212     0.040000         True     0.030358
        5213     0.040000         True     0.030751
        5214     0.040000         True     0.031146
        5215     0.040000         True     0.031545
        5217     0.040000         True     0.031946
        5218     0.040000         True     0.032351
        5223     0.040000        False     0.040000
        5226     0.040000         True     0.032760
        5235     0.040000         True     0.033172
        5238     0.040000         True     0.033587
        5242     0.040000         True     0.034005
        5252     0.040000         True     0.034427
        5253     0.040000         True     0.034853
        5254     0.040000         True     0.035282
        5260     0.040000         True     0.035715
        5266     0.040000         True     0.036152
        5046     0.044000        False     0.044000
        5048     0.047000        False     0.047000
        3758     0.048000        False     0.048000
        2888     0.050000        False     0.050000
        2933     0.050000        False     0.050000
        3238     0.050000        False     0.050000
        3239     0.050000        False     0.050000
        3240     0.050000        False     0.050000
        3261     0.050000        False     0.050000
        3262     0.050000        False     0.050000
        3263     0.050000        False     0.050000
        3264     0.050000        False     0.050000
        3336     0.050000        False     0.050000
        3337     0.050000        False     0.050000
        3339     0.050000        False     0.050000
        3346     0.050000        False     0.050000
        3082     0.050000        False     0.050000
        3083     0.050000        False     0.050000
        3084     0.050000        False     0.050000
        3085     0.050000        False     0.050000
        3086     0.050000        False     0.050000
        3107     0.050000        False     0.050000
        3108     0.050000        False     0.050000
        3109     0.050000        False     0.050000
        3110     0.050000        False     0.050000
        3111     0.050000        False     0.050000
        3112     0.050000        False     0.050000
        3129     0.050000        False     0.050000
        3142     0.050000        False     0.050000
        3207     0.050000        False     0.050000
        3208     0.050000        False     0.050000
        3217     0.050000        False     0.050000
        3227     0.050000        False     0.050000
        3237     0.050000        False     0.050000
        3639     0.050000        False     0.050000
        3644     0.050000        False     0.050000
        3649     0.050000        False     0.050000
        3651     0.050000        False     0.050000
        3659     0.050000        False     0.050000
        3670     0.050000        False     0.050000
        3683     0.050000        False     0.050000
        3702     0.050000        False     0.050000
        3718     0.050000        False     0.050000
        3431     0.050000        False     0.050000
        3445     0.050000        False     0.050000
        3506     0.050000        False     0.050000
        3508     0.050000        False     0.050000
        3568     0.050000        False     0.050000
        3595     0.050000        False     0.050000
        3596     0.050000        False     0.050000
        3606     0.050000        False     0.050000
        3614     0.050000        False     0.050000
        3631     0.050000        False     0.050000
        4092     0.050000        False     0.050000
        4094     0.050000        False     0.050000
        4097     0.050000        False     0.050000
        4100     0.050000        False     0.050000
        4102     0.050000        False     0.050000
        3740     0.050000        False     0.050000
        4547     0.050000        False     0.050000
        4200     0.050000        False     0.050000
        4234     0.050000        False     0.050000
        4243     0.050000        False     0.050000
        4246     0.050000        False     0.050000
        4258     0.050000        False     0.050000
        4270     0.050000        False     0.050000
        4271     0.050000        False     0.050000
        4282     0.050000        False     0.050000
        4294     0.050000        False     0.050000
        4302     0.050000        False     0.050000
        4303     0.050000        False     0.050000
        4305     0.050000        False     0.050000
        4308     0.050000        False     0.050000
        4314     0.050000        False     0.050000
        4321     0.050000        False     0.050000
        4327     0.050000        False     0.050000
        4331     0.050000        False     0.050000
        4332     0.050000        False     0.050000
        4963     0.050000        False     0.050000
        4964     0.050000        False     0.050000
        4972     0.050000        False     0.050000
        5003     0.050000        False     0.050000
        5004     0.050000        False     0.050000
        5014     0.050000        False     0.050000
        5017     0.050000        False     0.050000
        5018     0.050000        False     0.050000
        4774     0.050000        False     0.050000
        4786     0.050000        False     0.050000
        4788     0.050000        False     0.050000
        4819     0.050000        False     0.050000
        5114     0.050000        False     0.050000
        5121     0.050000        False     0.050000
        5130     0.050000        False     0.050000
        5149     0.050000        False     0.050000
        5153     0.050000        False     0.050000
        5194     0.050000        False     0.050000
        5200     0.050000        False     0.050000
        5204     0.050000        False     0.050000
        5222     0.050000        False     0.050000
        5228     0.050000        False     0.050000
        5247     0.050000        False     0.050000
        5255     0.050000        False     0.050000
        5259     0.050000        False     0.050000
        3241     0.060000        False     0.060000
        3242     0.060000        False     0.060000
        3243     0.060000        False     0.060000
        3244     0.060000        False     0.060000
        3050     0.060000        False     0.060000
        3051     0.060000        False     0.060000
        3052     0.060000        False     0.060000
        3053     0.060000        False     0.060000
        3054     0.060000        False     0.060000
        3055     0.060000        False     0.060000
        3056     0.060000        False     0.060000
        3057     0.060000        False     0.060000
        3087     0.060000        False     0.060000
        3088     0.060000        False     0.060000
        3089     0.060000        False     0.060000
        3090     0.060000        False     0.060000
        3113     0.060000        False     0.060000
        3130     0.060000        False     0.060000
        3143     0.060000        False     0.060000
        3157     0.060000        False     0.060000
        3188     0.060000        False     0.060000
        3199     0.060000        False     0.060000
        3200     0.060000        False     0.060000
        3209     0.060000        False     0.060000
        3218     0.060000        False     0.060000
        3640     0.060000        False     0.060000
        3672     0.060000        False     0.060000
        3677     0.060000        False     0.060000
        3685     0.060000        False     0.060000
        3693     0.060000        False     0.060000
        3729     0.060000        False     0.060000
        3442     0.060000        False     0.060000
        3446     0.060000        False     0.060000
        3449     0.060000        False     0.060000
        3455     0.060000        False     0.060000
        3456     0.060000        False     0.060000
        3517     0.060000        False     0.060000
        3518     0.060000        False     0.060000
        3520     0.060000        False     0.060000
        3529     0.060000        False     0.060000
        3581     0.060000        False     0.060000
        3584     0.060000        False     0.060000
        3589     0.060000        False     0.060000
        3594     0.060000        False     0.060000
        3603     0.060000        False     0.060000
        3608     0.060000        False     0.060000
        3618     0.060000        False     0.060000
        4090     0.060000        False     0.060000
        3735     0.060000        False     0.060000
        3781     0.060000        False     0.060000
        3873     0.060000        False     0.060000
        3881     0.060000        False     0.060000
        3882     0.060000        False     0.060000
        4256     0.060000        False     0.060000
        4260     0.060000        False     0.060000
        4269     0.060000        False     0.060000
        4286     0.060000        False     0.060000
        4311     0.060000        False     0.060000
        4313     0.060000        False     0.060000
        4330     0.060000        False     0.060000
        4334     0.060000        False     0.060000
        4454     0.060000        False     0.060000
        5009     0.060000        False     0.060000
        5010     0.060000        False     0.060000
        4771     0.060000        False     0.060000
        4787     0.060000        False     0.060000
        4799     0.060000        False     0.060000
        4805     0.060000        False     0.060000
        4811     0.060000        False     0.060000
        4821     0.060000        False     0.060000
        4822     0.060000        False     0.060000
        4826     0.060000        False     0.060000
        5131     0.060000        False     0.060000
        5148     0.060000        False     0.060000
        5221     0.060000        False     0.060000
        5248     0.060000        False     0.060000
        5256     0.060000        False     0.060000
        5265     0.060000        False     0.060000
        3058     0.070000        False     0.070000
        3131     0.070000        False     0.070000
        3144     0.070000        False     0.070000
        3145     0.070000        False     0.070000
        3146     0.070000        False     0.070000
        3158     0.070000        False     0.070000
        3181     0.070000        False     0.070000
        3210     0.070000        False     0.070000
        3228     0.070000        False     0.070000
        3229     0.070000        False     0.070000
        3668     0.070000        False     0.070000
        3669     0.070000        False     0.070000
        3673     0.070000        False     0.070000
        3688     0.070000        False     0.070000
        3690     0.070000        False     0.070000
        3701     0.070000        False     0.070000
        3707     0.070000        False     0.070000
        3439     0.070000        False     0.070000
        3450     0.070000        False     0.070000
        3465     0.070000        False     0.070000
        3468     0.070000        False     0.070000
        3476     0.070000        False     0.070000
        3582     0.070000        False     0.070000
        3588     0.070000        False     0.070000
        4007     0.070000        False     0.070000
        4026     0.070000        False     0.070000
        4098     0.070000        False     0.070000
        4115     0.070000        False     0.070000
        3783     0.070000        False     0.070000
        3887     0.070000        False     0.070000
        4481     0.070000        False     0.070000
        4538     0.070000        False     0.070000
        4161     0.070000        False     0.070000
        4199     0.070000        False     0.070000
        4251     0.070000        False     0.070000
        4257     0.070000        False     0.070000
        4273     0.070000        False     0.070000
        4304     0.070000        False     0.070000
        4307     0.070000        False     0.070000
        4960     0.070000        False     0.070000
        4967     0.070000        False     0.070000
        4969     0.070000        False     0.070000
        4808     0.070000        False     0.070000
        4809     0.070000        False     0.070000
        4810     0.070000        False     0.070000
        5109     0.070000        False     0.070000
        5145     0.070000        False     0.070000
        5187     0.070000        False     0.070000
        5191     0.070000        False     0.070000
        5197     0.070000        False     0.070000
        5206     0.070000        False     0.070000
        5216     0.070000        False     0.070000
        5219     0.070000        False     0.070000
        5231     0.070000        False     0.070000
        3245     0.080000        False     0.080000
        3246     0.080000        False     0.080000
        3059     0.080000        False     0.080000
        3114     0.080000        False     0.080000
        3219     0.080000        False     0.080000
        3220     0.080000        False     0.080000
        3687     0.080000        False     0.080000
        3689     0.080000        False     0.080000
        3709     0.080000        False     0.080000
        3721     0.080000        False     0.080000
        3723     0.080000        False     0.080000
        3726     0.080000        False     0.080000
        3727     0.080000        False     0.080000
        3427     0.080000        False     0.080000
        3452     0.080000        False     0.080000
        3458     0.080000        False     0.080000
        3528     0.080000        False     0.080000
        3626     0.080000        False     0.080000
        4005     0.080000        False     0.080000
        4008     0.080000        False     0.080000
        4087     0.080000        False     0.080000
        3736     0.080000        False     0.080000
        3738     0.080000        False     0.080000
        3805     0.080000        False     0.080000
        3806     0.080000        False     0.080000
        3888     0.080000        False     0.080000
        3889     0.080000        False     0.080000
        4478     0.080000        False     0.080000
        4562     0.080000        False     0.080000
        4196     0.080000        False     0.080000
        4242     0.080000        False     0.080000
        4259     0.080000        False     0.080000
        4292     0.080000        False     0.080000
        4323     0.080000        False     0.080000
        4968     0.080000        False     0.080000
        4998     0.080000        False     0.080000
        5105     0.080000        False     0.080000
        5111     0.080000        False     0.080000
        5119     0.080000        False     0.080000
        5199     0.080000        False     0.080000
        5208     0.080000        False     0.080000
        5209     0.080000        False     0.080000
        5220     0.080000        False     0.080000
        5262     0.080000        False     0.080000
        3327     0.090000        False     0.090000
        3060     0.090000        False     0.090000
        3091     0.090000        False     0.090000
        3163     0.090000        False     0.090000
        3169     0.090000        False     0.090000
        3230     0.090000        False     0.090000
        3454     0.090000        False     0.090000
        3467     0.090000        False     0.090000
        3477     0.090000        False     0.090000
        3521     0.090000        False     0.090000
        3523     0.090000        False     0.090000
        3578     0.090000        False     0.090000
        4016     0.090000        False     0.090000
        4128     0.090000        False     0.090000
        3785     0.090000        False     0.090000
        4480     0.090000        False     0.090000
        4560     0.090000        False     0.090000
        4197     0.090000        False     0.090000
        4289     0.090000        False     0.090000
        4306     0.090000        False     0.090000
        4954     0.090000        False     0.090000
        4961     0.090000        False     0.090000
        4580     0.090000        False     0.090000
        4582     0.090000        False     0.090000
        4796     0.090000        False     0.090000
        4820     0.090000        False     0.090000
        5112     0.090000        False     0.090000
        5133     0.090000        False     0.090000
        5147     0.090000        False     0.090000
        5264     0.090000        False     0.090000
        2896     0.100000        False     0.100000
        3061     0.100000        False     0.100000
        3115     0.100000        False     0.100000
        3147     0.100000        False     0.100000
        3170     0.100000        False     0.100000
        3660     0.100000        False     0.100000
        3665     0.100000        False     0.100000
        3695     0.100000        False     0.100000
        3720     0.100000        False     0.100000
        3728     0.100000        False     0.100000
        3435     0.100000        False     0.100000
        3440     0.100000        False     0.100000
        3585     0.100000        False     0.100000
        3599     0.100000        False     0.100000
        4014     0.100000        False     0.100000
        4085     0.100000        False     0.100000
        4086     0.100000        False     0.100000
        4119     0.100000        False     0.100000
        3739     0.100000        False     0.100000
        3794     0.100000        False     0.100000
        3797     0.100000        False     0.100000
        3798     0.100000        False     0.100000
        3802     0.100000        False     0.100000
        3809     0.100000        False     0.100000
        3827     0.100000        False     0.100000
        4464     0.100000        False     0.100000
        4539     0.100000        False     0.100000
        4540     0.100000        False     0.100000
        4548     0.100000        False     0.100000
        4550     0.100000        False     0.100000
        4561     0.100000        False     0.100000
        4235     0.100000        False     0.100000
        4254     0.100000        False     0.100000
        4264     0.100000        False     0.100000
        4290     0.100000        False     0.100000
        4455     0.100000        False     0.100000
        4576     0.100000        False     0.100000
        4579     0.100000        False     0.100000
        4813     0.100000        False     0.100000
        4817     0.100000        False     0.100000
        4824     0.100000        False     0.100000
        5103     0.100000        False     0.100000
        5104     0.100000        False     0.100000
        5106     0.100000        False     0.100000
        5124     0.100000        False     0.100000
        5132     0.100000        False     0.100000
        5144     0.100000        False     0.100000
        5186     0.100000        False     0.100000
        5192     0.100000        False     0.100000
        5224     0.100000        False     0.100000
        5225     0.100000        False     0.100000
        5257     0.100000        False     0.100000
        2672     0.110000        False     0.110000
        3247     0.110000        False     0.110000
        3348     0.110000        False     0.110000
        3221     0.110000        False     0.110000
        3730     0.110000        False     0.110000
        3433     0.110000        False     0.110000
        3466     0.110000        False     0.110000
        3572     0.110000        False     0.110000
        4020     0.110000        False     0.110000
        4053     0.110000        False     0.110000
        3795     0.110000        False     0.110000
        3879     0.110000        False     0.110000
        4459     0.110000        False     0.110000
        4541     0.110000        False     0.110000
        4549     0.110000        False     0.110000
        4276     0.110000        False     0.110000
        5120     0.110000        False     0.110000
        5122     0.110000        False     0.110000
        5189     0.110000        False     0.110000
        5193     0.110000        False     0.110000
        5207     0.110000        False     0.110000
        5261     0.110000        False     0.110000
        5051     0.113000        False     0.113000
        3248     0.120000        False     0.120000
        3329     0.120000        False     0.120000
        3338     0.120000        False     0.120000
        3132     0.120000        False     0.120000
        3231     0.120000        False     0.120000
        3664     0.120000        False     0.120000
        3667     0.120000        False     0.120000
        3686     0.120000        False     0.120000
        3708     0.120000        False     0.120000
        3424     0.120000        False     0.120000
        3522     0.120000        False     0.120000
        4107     0.120000        False     0.120000
        4121     0.120000        False     0.120000
        3995     0.120000        False     0.120000
        3996     0.120000        False     0.120000
        4471     0.120000        False     0.120000
        4239     0.120000        False     0.120000
        4309     0.120000        False     0.120000
        4452     0.120000        False     0.120000
        4955     0.120000        False     0.120000
        4958     0.120000        False     0.120000
        4575     0.120000        False     0.120000
        5115     0.120000        False     0.120000
        5202     0.120000        False     0.120000
        5230     0.120000        False     0.120000
        2892     0.130000        False     0.130000
        2701     0.130000        False     0.130000
        3249     0.130000        False     0.130000
        3062     0.130000        False     0.130000
        3092     0.130000        False     0.130000
        3201     0.130000        False     0.130000
        3461     0.130000        False     0.130000
        3810     0.130000        False     0.130000
        3831     0.130000        False     0.130000
        3837     0.130000        False     0.130000
        3875     0.130000        False     0.130000
        3878     0.130000        False     0.130000
        4241     0.130000        False     0.130000
        5190     0.130000        False     0.130000
        5232     0.130000        False     0.130000
        2891     0.140000        False     0.140000
        3292     0.140000        False     0.140000
        3182     0.140000        False     0.140000
        3202     0.140000        False     0.140000
        3654     0.140000        False     0.140000
        3451     0.140000        False     0.140000
        3612     0.140000        False     0.140000
        3625     0.140000        False     0.140000
        4113     0.140000        False     0.140000
        4465     0.140000        False     0.140000
        4552     0.140000        False     0.140000
        4558     0.140000        False     0.140000
        4201     0.140000        False     0.140000
        4973     0.140000        False     0.140000
        4573     0.140000        False     0.140000
        5113     0.140000        False     0.140000
        5117     0.140000        False     0.140000
        5229     0.140000        False     0.140000
        5250     0.140000        False     0.140000
        5258     0.140000        False     0.140000
        2677     0.150000        False     0.150000
        3177     0.150000        False     0.150000
        3661     0.150000        False     0.150000
        3724     0.150000        False     0.150000
        3459     0.150000        False     0.150000
        3463     0.150000        False     0.150000
        3487     0.150000        False     0.150000
        3607     0.150000        False     0.150000
        3804     0.150000        False     0.150000
        3814     0.150000        False     0.150000
        3828     0.150000        False     0.150000
        3979     0.150000        False     0.150000
        4551     0.150000        False     0.150000
        4557     0.150000        False     0.150000
        4559     0.150000        False     0.150000
        4253     0.150000        False     0.150000
        4578     0.150000        False     0.150000
        4581     0.150000        False     0.150000
        4793     0.150000        False     0.150000
        4800     0.150000        False     0.150000
        4803     0.150000        False     0.150000
        5211     0.150000        False     0.150000
        3662     0.160000        False     0.160000
        3742     0.160000        False     0.160000
        3793     0.160000        False     0.160000
        3883     0.160000        False     0.160000
        3942     0.160000        False     0.160000
        3943     0.160000        False     0.160000
        3963     0.160000        False     0.160000
        3993     0.160000        False     0.160000
        4472     0.160000        False     0.160000
        4535     0.160000        False     0.160000
        4553     0.160000        False     0.160000
        4572     0.160000        False     0.160000
        4797     0.160000        False     0.160000
        5233     0.160000        False     0.160000
        2674     0.170000        False     0.170000
        3133     0.170000        False     0.170000
        3190     0.170000        False     0.170000
        3719     0.170000        False     0.170000
        3460     0.170000        False     0.170000
        3464     0.170000        False     0.170000
        3547     0.170000        False     0.170000
        4043     0.170000        False     0.170000
        4076     0.170000        False     0.170000
        4108     0.170000        False     0.170000
        3817     0.170000        False     0.170000
        3992     0.170000        False     0.170000
        4473     0.170000        False     0.170000
        4475     0.170000        False     0.170000
        4267     0.170000        False     0.170000
        4284     0.170000        False     0.170000
        4453     0.170000        False     0.170000
        4984     0.170000        False     0.170000
        2878     0.180000        False     0.180000
        2916     0.180000        False     0.180000
        2708     0.180000        False     0.180000
        3425     0.180000        False     0.180000
        3546     0.180000        False     0.180000
        3548     0.180000        False     0.180000
        4027     0.180000        False     0.180000
        3737     0.180000        False     0.180000
        3944     0.180000        False     0.180000
        3945     0.180000        False     0.180000
        3968     0.180000        False     0.180000
        4477     0.180000        False     0.180000
        4193     0.180000        False     0.180000
        5023     0.180000        False     0.180000
        4759     0.180000        False     0.180000
        4770     0.180000        False     0.180000
        5151     0.180000        False     0.180000
        5155     0.180000        False     0.180000
        5210     0.180000        False     0.180000
        5234     0.180000        False     0.180000
        2675     0.190000        False     0.190000
        3171     0.190000        False     0.190000
        4021     0.190000        False     0.190000
        4033     0.190000        False     0.190000
        4151     0.190000        False     0.190000
        3792     0.190000        False     0.190000
        3845     0.190000        False     0.190000
        4162     0.190000        False     0.190000
        4281     0.190000        False     0.190000
        5123     0.190000        False     0.190000
        2678     0.200000        False     0.200000
        3559     0.200000        False     0.200000
        4111     0.200000        False     0.200000
        4129     0.200000        False     0.200000
        3811     0.200000        False     0.200000
        3830     0.200000        False     0.200000
        3885     0.200000        False     0.200000
        4463     0.200000        False     0.200000
        4275     0.200000        False     0.200000
        4587     0.200000        False     0.200000
        4825     0.200000        False     0.200000
        2870     0.210000        False     0.210000
        2893     0.210000        False     0.210000
        3432     0.210000        False     0.210000
        3560     0.210000        False     0.210000
        3575     0.210000        False     0.210000
        3617     0.210000        False     0.210000
        3997     0.210000        False     0.210000
        4462     0.210000        False     0.210000
        4554     0.210000        False     0.210000
        4556     0.210000        False     0.210000
        3694     0.220000        False     0.220000
        3436     0.220000        False     0.220000
        3587     0.220000        False     0.220000
        3741     0.220000        False     0.220000
        3813     0.220000        False     0.220000
        3842     0.220000        False     0.220000
        4536     0.220000        False     0.220000
        4588     0.220000        False     0.220000
        4816     0.220000        False     0.220000
        5125     0.220000        False     0.220000
        5150     0.220000        False     0.220000
        2869     0.230000        False     0.230000
        2902     0.230000        False     0.230000
        2687     0.230000        False     0.230000
        3275     0.230000        False     0.230000
        3232     0.230000        False     0.230000
        3462     0.230000        False     0.230000
        3570     0.230000        False     0.230000
        3624     0.230000        False     0.230000
        3635     0.230000        False     0.230000
        4030     0.230000        False     0.230000
        4127     0.230000        False     0.230000
        3886     0.230000        False     0.230000
        4322     0.230000        False     0.230000
        2915     0.240000        False     0.240000
        2697     0.240000        False     0.240000
        2699     0.240000        False     0.240000
        3347     0.240000        False     0.240000
        3567     0.240000        False     0.240000
        4022     0.240000        False     0.240000
        4023     0.240000        False     0.240000
        3195     0.250000        False     0.250000
        3453     0.250000        False     0.250000
        3586     0.250000        False     0.250000
        4149     0.250000        False     0.250000
        3990     0.250000        False     0.250000
        5116     0.250000        False     0.250000
        5249     0.250000        False     0.250000
        2914     0.260000        False     0.260000
        2936     0.260000        False     0.260000
        3172     0.260000        False     0.260000
        3663     0.260000        False     0.260000
        3835     0.260000        False     0.260000
        3950     0.260000        False     0.260000
        4791     0.260000        False     0.260000
        5188     0.260000        False     0.260000
        2895     0.270000        False     0.270000
        3549     0.270000        False     0.270000
        3574     0.270000        False     0.270000
        4000     0.270000        False     0.270000
        4066     0.270000        False     0.270000
        3744     0.270000        False     0.270000
        3812     0.270000        False     0.270000
        3843     0.270000        False     0.270000
        3948     0.270000        False     0.270000
        3951     0.270000        False     0.270000
        3953     0.270000        False     0.270000
        3954     0.270000        False     0.270000
        5110     0.270000        False     0.270000
        3393     0.280000        False     0.280000
        3176     0.280000        False     0.280000
        3576     0.280000        False     0.280000
        3601     0.280000        False     0.280000
        4009     0.280000        False     0.280000
        4017     0.280000        False     0.280000
        5239     0.280000        False     0.280000
        3192     0.290000        False     0.290000
        3426     0.290000        False     0.290000
        3615     0.290000        False     0.290000
        3553     0.300000        False     0.300000
        4236     0.300000        False     0.300000
        3345     0.310000        False     0.310000
        3558     0.310000        False     0.310000
        3966     0.310000        False     0.310000
        4165     0.310000        False     0.310000
        2932     0.320000        False     0.320000
        3551     0.320000        False     0.320000
        4062     0.320000        False     0.320000
        3816     0.320000        False     0.320000
        3844     0.320000        False     0.320000
        5143     0.320000        False     0.320000
        3265     0.330000        False     0.330000
        3269     0.330000        False     0.330000
        3530     0.330000        False     0.330000
        3557     0.330000        False     0.330000
        3565     0.330000        False     0.330000
        4002     0.330000        False     0.330000
        4152     0.330000        False     0.330000
        3838     0.330000        False     0.330000
        3940     0.330000        False     0.330000
        3941     0.330000        False     0.330000
        4443     0.330000        False     0.330000
        2903     0.340000        False     0.340000
        2676     0.340000        False     0.340000
        3571     0.340000        False     0.340000
        3846     0.340000        False     0.340000
        3972     0.340000        False     0.340000
        2911     0.360000        False     0.360000
        3958     0.360000        False     0.360000
        3960     0.360000        False     0.360000
        3270     0.370000        False     0.370000
        4013     0.370000        False     0.370000
        4063     0.370000        False     0.370000
        3834     0.370000        False     0.370000
        3869     0.370000        False     0.370000
        3946     0.370000        False     0.370000
        3947     0.370000        False     0.370000
        2873     0.390000        False     0.390000
        4054     0.390000        False     0.390000
        4166     0.390000        False     0.390000
        3429     0.400000        False     0.400000
        5142     0.400000        False     0.400000
        5237     0.400000        False     0.400000
        3556     0.410000        False     0.410000
        3623     0.410000        False     0.410000
        5263     0.410000        False     0.410000
        3211     0.420000        False     0.420000
        3620     0.420000        False     0.420000
        4577     0.420000        False     0.420000
        3178     0.430000        False     0.430000
        3421     0.440000        False     0.440000
        3602     0.440000        False     0.440000
        4059     0.440000        False     0.440000
        3982     0.440000        False     0.440000
        4795     0.440000        False     0.440000
        2680     0.450000        False     0.450000
        3815     0.450000        False     0.450000
        5134     0.450000        False     0.450000
        2713     0.460000        False     0.460000
        3564     0.460000        False     0.460000
        4194     0.460000        False     0.460000
        5246     0.460000        False     0.460000
        2679     0.470000        False     0.470000
        2930     0.480000        False     0.480000
        3619     0.480000        False     0.480000
        4058     0.480000        False     0.480000
        4584     0.480000        False     0.480000
        2876     0.500000        False     0.500000
        2711     0.500000        False     0.500000
        3430     0.500000        False     0.500000
        3545     0.500000        False     0.500000
        3836     0.500000        False     0.500000
        4195     0.500000        False     0.500000
        3272     0.510000        False     0.510000
        3179     0.520000        False     0.520000
        3554     0.520000        False     0.520000
        3573     0.520000        False     0.520000
        5240     0.520000        False     0.520000
        3438     0.530000        False     0.530000
        2681     0.540000        False     0.540000
        3180     0.540000        False     0.540000
        3555     0.540000        False     0.540000
        4003     0.540000        False     0.540000
        4792     0.540000        False     0.540000
        5205     0.540000        False     0.540000
        3621     0.550000        False     0.550000
        4769     0.560000        False     0.560000
        3561     0.570000        False     0.570000
        4004     0.570000        False     0.570000
        2885     0.580000        False     0.580000
        2694     0.580000        False     0.580000
        3173     0.580000        False     0.580000
        3444     0.590000        False     0.590000
        4006     0.590000        False     0.590000
        4583     0.590000        False     0.590000
        4150     0.600000        False     0.600000
        3441     0.610000        False     0.610000
        3563     0.610000        False     0.610000
        3566     0.610000        False     0.610000
        2693     0.620000        False     0.620000
        4794     0.630000        False     0.630000
        3562     0.640000        False     0.640000
        3839     0.640000        False     0.640000
        3266     0.690000        False     0.690000
        3422     0.690000        False     0.690000
        3977     0.690000        False     0.690000
        2695     0.700000        False     0.700000
        3273     0.700000        False     0.700000
        4155     0.700000        False     0.700000
        5251     0.700000        False     0.700000
        4067     0.710000        False     0.710000
        2671     0.720000        False     0.720000
        2688     0.740000        False     0.740000
        3550     0.740000        False     0.740000
        3622     0.740000        False     0.740000
        4060     0.740000        False     0.740000
        5243     0.740000        False     0.740000
        2690     0.750000        False     0.750000
        3175     0.750000        False     0.750000
        2940     0.770000        False     0.770000
        3999     0.780000        False     0.780000
        2673     0.790000        False     0.790000
        4012     0.790000        False     0.790000
        4001     0.800000        False     0.800000
        4010     0.820000        False     0.820000
        4140     0.840000        False     0.840000
        2875     0.850000        False     0.850000
        3194     0.860000        False     0.860000
        3428     0.900000        False     0.900000
        3616     0.930000        False     0.930000
        4064     0.930000        False     0.930000
        2712     0.940000        False     0.940000
        4589     0.960000        False     0.960000
        2691     1.010000        False     1.010000
        3743     1.010000        False     1.010000
        3544     1.030000        False     1.030000
        5241     1.030000        False     1.030000
        2692     1.040000        False     1.040000
        3193     1.070000        False     1.070000
        2871     1.090000        False     1.090000
        2669     1.110000        False     1.110000
        3186     1.190000        False     1.190000
        3196     1.190000        False     1.190000
        2664     1.220000        False     1.220000
        3174     1.220000        False     1.220000
        4068     1.230000        False     1.230000
        4250     1.240000        False     1.240000
        2667     1.260000        False     1.260000
        3420     1.280000        False     1.280000
        3268     1.410000        False     1.410000
        4585     1.410000        False     1.410000
        2943     1.490000        False     1.490000
        4457     1.560000        False     1.560000
        3187     1.570000        False     1.570000
        2665     1.600000        False     1.600000
        3183     1.620000        False     1.620000
        3267     1.790000        False     1.790000
        2666     2.060000        False     2.060000
        2663     2.070000        False     2.070000
        3423     2.160000        False     2.160000
        2959     2.230000        False     2.230000
        5244     2.310000        False     2.310000
        5245     2.440000        False     2.440000
        5227     2.620000        False     2.620000
        2670     3.630000        False     3.630000
        5236     4.060000        False     4.060000
        3189     5.760000        False     5.760000
        3191     5.910000        False     5.910000
        3437     9.160000        False     9.160000
