      QW_SEQ          OBS     CENSORED      MODELED
        5266     0.008000         True     0.004891
        3655     0.008200         True     0.004891
        4772     0.008300         True     0.003749
        5196     0.008300         True     0.006012
        4100     0.008500         True     0.004891
        5206     0.008600         True     0.004891
        3732     0.008700         True     0.003149
        3485     0.008700         True     0.004891
        3491     0.008700         True     0.006576
        4092     0.008800         True     0.004891
        4113     0.008900         True     0.003149
        4771     0.008900         True     0.004891
        5186     0.008900         True     0.006576
        3533     0.009000         True     0.002770
        3541     0.009000         True     0.004212
        4480     0.009000         True     0.005563
        5203     0.009000         True     0.006917
        3781     0.009100         True     0.004891
        4119     0.009200        False     0.009200
        3496     0.009300         True     0.003252
        3498     0.009300         True     0.005078
        4098     0.009300        False     0.009300
        5215     0.009300         True     0.006860
        3487     0.009400         True     0.003985
        4095     0.009400         True     0.006469
        4090     0.009500         True     0.003335
        4777     0.009500         True     0.005232
        4782     0.009500         True     0.007097
        3671     0.009600         True     0.002640
        3480     0.009600         True     0.003985
        3502     0.009600         True     0.005232
        3536     0.009600         True     0.006469
        3789     0.009600        False     0.009600
        4778     0.009600         True     0.007734
        3488     0.009700         True     0.002043
        3497     0.009700         True     0.002975
        3538     0.009700         True     0.003797
        3539     0.009700         True     0.004577
        3540     0.009700         True     0.005341
        3542     0.009700         True     0.006104
        4087     0.009700         True     0.006874
        4168     0.009700         True     0.007659
        5212     0.009700         True     0.008462
        3466     0.009800         True     0.003394
        3505     0.009800         True     0.005341
        4094     0.009800         True     0.007264
        3641     0.009900        False     0.009900
        3493     0.009900         True     0.003394
        3494     0.009900         True     0.005341
        3783     0.009900        False     0.009900
        4780     0.009900         True     0.007264
        3479     0.010000         True     0.000878
        3504     0.010000         True     0.001176
        3543     0.010000         True     0.001410
        4013     0.010000         True     0.001614
        4014     0.010000        False     0.010000
        4015     0.010000         True     0.001798
        4023     0.010000         True     0.001969
        4117     0.010000         True     0.002131
        4125     0.010000        False     0.010000
        4129     0.010000         True     0.002286
        4136     0.010000         True     0.002434
        4137     0.010000         True     0.002578
        4158     0.010000        False     0.010000
        3780     0.010000        False     0.010000
        3801     0.010000         True     0.002719
        3802     0.010000         True     0.002855
        3804     0.010000         True     0.002990
        3805     0.010000         True     0.003121
        3806     0.010000         True     0.003251
        3807     0.010000        False     0.010000
        3808     0.010000         True     0.003379
        3809     0.010000        False     0.010000
        3847     0.010000         True     0.003506
        3848     0.010000         True     0.003631
        3873     0.010000         True     0.003755
        3880     0.010000         True     0.003878
        3881     0.010000        False     0.010000
        3882     0.010000         True     0.004000
        3884     0.010000         True     0.004122
        3887     0.010000         True     0.004242
        3888     0.010000         True     0.004363
        3889     0.010000         True     0.004482
        3991     0.010000         True     0.004602
        3994     0.010000         True     0.004721
        3998     0.010000         True     0.004840
        4479     0.010000        False     0.010000
        4538     0.010000         True     0.004958
        4543     0.010000         True     0.005076
        4544     0.010000         True     0.005195
        4545     0.010000         True     0.005313
        4547     0.010000         True     0.005431
        4548     0.010000         True     0.005549
        4549     0.010000         True     0.005667
        4550     0.010000        False     0.010000
        4551     0.010000        False     0.010000
        4563     0.010000         True     0.005786
        4564     0.010000         True     0.005904
        4166     0.010000         True     0.006023
        4184     0.010000         True     0.006141
        4185     0.010000         True     0.006260
        4186     0.010000         True     0.006379
        4187     0.010000         True     0.006499
        4188     0.010000         True     0.006618
        4198     0.010000         True     0.006738
        4199     0.010000        False     0.010000
        4200     0.010000        False     0.010000
        4202     0.010000         True     0.006859
        4265     0.010000        False     0.010000
        4269     0.010000         True     0.006979
        4274     0.010000         True     0.007100
        4277     0.010000        False     0.010000
        4285     0.010000         True     0.007221
        4293     0.010000         True     0.007343
        4298     0.010000         True     0.007465
        4304     0.010000         True     0.007588
        4312     0.010000        False     0.010000
        4315     0.010000        False     0.010000
        4320     0.010000         True     0.007711
        4324     0.010000         True     0.007834
        4326     0.010000        False     0.010000
        4327     0.010000         True     0.007958
        4334     0.010000         True     0.008083
        4451     0.010000        False     0.010000
        5002     0.010000        False     0.010000
        4574     0.010000         True     0.008208
        4575     0.010000         True     0.008333
        4576     0.010000         True     0.008459
        4580     0.010000         True     0.008586
        4581     0.010000         True     0.008713
        4582     0.010000         True     0.008841
        4586     0.010000         True     0.008969
        4587     0.010000        False     0.010000
        4588     0.010000        False     0.010000
        4590     0.010000         True     0.009098
        4591     0.010000         True     0.009228
        4593     0.010000        False     0.010000
        4595     0.010000         True     0.009358
        4597     0.010000         True     0.009489
        3643     0.010100         True     0.003804
        3656     0.010100        False     0.010100
        3482     0.010100         True     0.006118
        4779     0.010100         True     0.008485
        3642     0.010200         True     0.002993
        3490     0.010200         True     0.004608
        3495     0.010200         True     0.006150
        3500     0.010200         True     0.007723
        4942     0.010200         True     0.009374
        3645     0.010300         True     0.006150
        3631     0.010300        False     0.010300
        3507     0.010400         True     0.004628
        3535     0.010400         True     0.007766
        3650     0.010500         True     0.003345
        3667     0.010500        False     0.010500
        3481     0.010500         True     0.005250
        3484     0.010500         True     0.007124
        3537     0.010500         True     0.009090
        3483     0.010600         True     0.003015
        3486     0.010600         True     0.004648
        3501     0.010600         True     0.006211
        3534     0.010600         True     0.007807
        5140     0.010600         True     0.009486
        5188     0.010600        False     0.010600
        3489     0.010700         True     0.006240
        5228     0.010700        False     0.010700
        3503     0.010800         True     0.003882
        5138     0.010800         True     0.006268
        5139     0.010800         True     0.008726
        3492     0.010900         True     0.003882
        3506     0.010900         True     0.006268
        5130     0.010900         True     0.008726
        4021     0.011000        False     0.011000
        3520     0.011100        False     0.011100
        5141     0.011100         True     0.006296
        3532     0.011200         True     0.006324
        3719     0.011300        False     0.011300
        4076     0.011300        False     0.011300
        4788     0.011300        False     0.011300
        5127     0.011300         True     0.006324
        3531     0.011400         True     0.003952
        5128     0.011400         True     0.006405
        5137     0.011400         True     0.008946
        3644     0.011500        False     0.011500
        3731     0.011500        False     0.011500
        3717     0.011600        False     0.011600
        3979     0.011700        False     0.011700
        5126     0.011700         True     0.004831
        5129     0.011700         True     0.008190
        5193     0.011800        False     0.011800
        4781     0.011900         True     0.006539
        4785     0.011900        False     0.011900
        3670     0.012000         True     0.004884
        4126     0.012000        False     0.012000
        3850     0.012000         True     0.008301
        5192     0.012000        False     0.012000
        3735     0.012100        False     0.012100
        5135     0.012100         True     0.006618
        5195     0.012100        False     0.012100
        4787     0.012200        False     0.012200
        4102     0.012300        False     0.012300
        5211     0.012300        False     0.012300
        4111     0.012400        False     0.012400
        3786     0.012400        False     0.012400
        4774     0.012400        False     0.012400
        5136     0.012400         True     0.005004
        5198     0.012400         True     0.008557
        3465     0.012500         True     0.006825
        3519     0.012700        False     0.012700
        4789     0.012800        False     0.012800
        3658     0.012900        False     0.012900
        3634     0.013000        False     0.013000
        4474     0.013000         True     0.005106
        4481     0.013000         True     0.008776
        4272     0.013100        False     0.013100
        4791     0.013100        False     0.013100
        3467     0.013200         True     0.006981
        4097     0.013200        False     0.013200
        5201     0.013200        False     0.013200
        5214     0.013300        False     0.013300
        3944     0.013400        False     0.013400
        3945     0.013400        False     0.013400
        5191     0.013400        False     0.013400
        3657     0.013600         True     0.007134
        5213     0.013700        False     0.013700
        3630     0.013800        False     0.013800
        3733     0.013900         True     0.007185
        3668     0.014000         True     0.007185
        3509     0.014000        False     0.014000
        5189     0.014000        False     0.014000
        3516     0.014100        False     0.014100
        3699     0.014200         True     0.005339
        3517     0.014200        False     0.014200
        4009     0.014200         True     0.009285
        4328     0.014200        False     0.014200
        3665     0.014400        False     0.014400
        4104     0.014400        False     0.014400
        3518     0.014500        False     0.014500
        3720     0.014600        False     0.014600
        4085     0.014600        False     0.014600
        3838     0.015000        False     0.015000
        3582     0.015100        False     0.015100
        5103     0.015100        False     0.015100
        3654     0.015400        False     0.015400
        5202     0.015700        False     0.015700
        3456     0.015900        False     0.015900
        3510     0.015900        False     0.015900
        3669     0.016000         True     0.007615
        4786     0.016600        False     0.016600
        4248     0.016800        False     0.016800
        3454     0.016900         True     0.007666
        5131     0.016900        False     0.016900
        4020     0.017000        False     0.017000
        4162     0.017000        False     0.017000
        3635     0.017200        False     0.017200
        3640     0.017600        False     0.017600
        3499     0.017700        False     0.017700
        4086     0.017800        False     0.017800
        5194     0.017900        False     0.017900
        5107     0.018000        False     0.018000
        3461     0.018100        False     0.018100
        3515     0.018300        False     0.018300
        4770     0.018400        False     0.018400
        3508     0.018700        False     0.018700
        3449     0.018800         True     0.004739
        3611     0.018800         True     0.007996
        5238     0.018800         True     0.011610
        3729     0.018900        False     0.018900
        4030     0.019000        False     0.019000
        5199     0.019000        False     0.019000
        3639     0.019200        False     0.019200
        3696     0.019200         True     0.008073
        3633     0.019400        False     0.019400
        3649     0.019500        False     0.019500
        3700     0.019600         True     0.005906
        5254     0.019600         True     0.010568
        4282     0.019700        False     0.019700
        5104     0.019700        False     0.019700
        3946     0.019900        False     0.019900
        3947     0.019900        False     0.019900
        4016     0.020000        False     0.020000
        4043     0.020000        False     0.020000
        4053     0.020000        False     0.020000
        4055     0.020000        False     0.020000
        4121     0.020000        False     0.020000
        4127     0.020000        False     0.020000
        3803     0.020000        False     0.020000
        3818     0.020000        False     0.020000
        3831     0.020000        False     0.020000
        3835     0.020000        False     0.020000
        3843     0.020000        False     0.020000
        3845     0.020000        False     0.020000
        3874     0.020000        False     0.020000
        3875     0.020000        False     0.020000
        3995     0.020000        False     0.020000
        3996     0.020000        False     0.020000
        4461     0.020000        False     0.020000
        4542     0.020000        False     0.020000
        4561     0.020000        False     0.020000
        4562     0.020000        False     0.020000
        4161     0.020000        False     0.020000
        4237     0.020000        False     0.020000
        4247     0.020000        False     0.020000
        4249     0.020000        False     0.020000
        4276     0.020000        False     0.020000
        4283     0.020000        False     0.020000
        4287     0.020000        False     0.020000
        4288     0.020000        False     0.020000
        4291     0.020000        False     0.020000
        4308     0.020000        False     0.020000
        4310     0.020000        False     0.020000
        4316     0.020000        False     0.020000
        4325     0.020000        False     0.020000
        4445     0.020000        False     0.020000
        4449     0.020000        False     0.020000
        4450     0.020000        False     0.020000
        4457     0.020000        False     0.020000
        4967     0.020000        False     0.020000
        5011     0.020000        False     0.020000
        5014     0.020000        False     0.020000
        5018     0.020000        False     0.020000
        5121     0.020000        False     0.020000
        4773     0.020100        False     0.020100
        4149     0.020200        False     0.020200
        4278     0.020200        False     0.020200
        3579     0.020300         True     0.009413
        3577     0.020400        False     0.020400
        5235     0.020400        False     0.020400
        3716     0.020500         True     0.009466
        5156     0.020500        False     0.020500
        3514     0.020600        False     0.020600
        3511     0.020900        False     0.020900
        5208     0.020900        False     0.020900
        3512     0.021000        False     0.021000
        3829     0.021000        False     0.021000
        4294     0.021000        False     0.021000
        4571     0.021000        False     0.021000
        3651     0.021100        False     0.021100
        3448     0.021100         True     0.006853
        4960     0.021100         True     0.012855
        5133     0.021200        False     0.021200
        5252     0.021200         True     0.009703
        4783     0.021300        False     0.021300
        3463     0.021400        False     0.021400
        3842     0.021400        False     0.021400
        5109     0.021500        False     0.021500
        3575     0.021600         True     0.006948
        3629     0.021600         True     0.013098
        3710     0.021800        False     0.021800
        3725     0.022000        False     0.022000
        5259     0.022000        False     0.022000
        3828     0.022100        False     0.022100
        3713     0.022200         True     0.009941
        3724     0.022200        False     0.022200
        3653     0.022400        False     0.022400
        3610     0.022400         True     0.009967
        5108     0.022400        False     0.022400
        5239     0.022400        False     0.022400
        3525     0.022500         True     0.007075
        3528     0.022500         True     0.013422
        3662     0.022600        False     0.022600
        3605     0.022700         True     0.010072
        3594     0.022800        False     0.022800
        3527     0.023100         True     0.010098
        3612     0.023100        False     0.023100
        3470     0.023200        False     0.023200
        3460     0.023300        False     0.023300
        3593     0.023300         True     0.010150
        3606     0.023400         True     0.010176
        4468     0.023500        False     0.023500
        5120     0.023500        False     0.023500
        5142     0.023500        False     0.023500
        3561     0.023600         True     0.005770
        3573     0.023600        False     0.023600
        3600     0.023600         True     0.010255
        3604     0.023600         True     0.015721
        3791     0.023600        False     0.023600
        4798     0.023700         True     0.007231
        4803     0.023700         True     0.013827
        3730     0.023800        False     0.023800
        3948     0.023800        False     0.023800
        3951     0.023800        False     0.023800
        4264     0.023800        False     0.023800
        3652     0.023900        False     0.023900
        3529     0.023900         True     0.010410
        4115     0.023900        False     0.023900
        3739     0.023900        False     0.023900
        3722     0.024000        False     0.024000
        4151     0.024000        False     0.024000
        4296     0.024000        False     0.024000
        4795     0.024200         True     0.010565
        3559     0.024300         True     0.005905
        3576     0.024300         True     0.010565
        3603     0.024300         True     0.016320
        5197     0.024300        False     0.024300
        3524     0.024400         True     0.005916
        3584     0.024400         True     0.010591
        3627     0.024400         True     0.016370
        3574     0.024500         True     0.007401
        3597     0.024500         True     0.014272
        4802     0.024600         True     0.010591
        3723     0.024800        False     0.024800
        3562     0.024800        False     0.024800
        3596     0.024800         True     0.010591
        4796     0.024800        False     0.024800
        3844     0.025000        False     0.025000
        4107     0.025100        False     0.025100
        3570     0.025200         True     0.010717
        3942     0.025300        False     0.025300
        3943     0.025300        False     0.025300
        5264     0.025300         True     0.010717
        3711     0.025500         True     0.007505
        4801     0.025500         True     0.014551
        3609     0.025600         True     0.010768
        3523     0.025800         True     0.010768
        4793     0.025900         True     0.010768
        3560     0.026000         True     0.007505
        3598     0.026000         True     0.014551
        3841     0.026000        False     0.026000
        3727     0.026100        False     0.026100
        3554     0.026200         True     0.005117
        3591     0.026200         True     0.008800
        3595     0.026200         True     0.013026
        3613     0.026200         True     0.018236
        3589     0.026300         True     0.010818
        3592     0.026400         True     0.010818
        3556     0.026500         True     0.010818
        3526     0.026600         True     0.010818
        4784     0.026600        False     0.026600
        3698     0.026700         True     0.007549
        3548     0.026700         True     0.014669
        3581     0.026900         True     0.010843
        4305     0.027000        False     0.027000
        5256     0.027000         True     0.007549
        5261     0.027000         True     0.014669
        3614     0.027100         True     0.010867
        4027     0.027100        False     0.027100
        5105     0.027300        False     0.027300
        5153     0.027300        False     0.027300
        3714     0.027500         True     0.007607
        3558     0.027500         True     0.014823
        3715     0.027600         True     0.010940
        3588     0.027700         True     0.010940
        4819     0.027800        False     0.027800
        3702     0.027900         True     0.004118
        3447     0.027900         True     0.006732
        3568     0.027900         True     0.009478
        3583     0.027900         True     0.012552
        3625     0.027900         True     0.016114
        3626     0.027900         True     0.020358
        3679     0.028000        False     0.028000
        4558     0.028000         True     0.010964
        4331     0.028000        False     0.028000
        5190     0.028000        False     0.028000
        3661     0.028100         True     0.011036
        3557     0.028200         True     0.011036
        3565     0.028200        False     0.028200
        3555     0.028300         True     0.011059
        5106     0.028300        False     0.028300
        5253     0.028400         True     0.011083
        4309     0.028500        False     0.028500
        3734     0.028600        False     0.028600
        3569     0.028700         True     0.011131
        4026     0.028700        False     0.028700
        4823     0.028700        False     0.028700
        3590     0.028800         True     0.011178
        3522     0.029000        False     0.029000
        4330     0.029000        False     0.029000
        5122     0.029000        False     0.029000
        5210     0.029100        False     0.029100
        5265     0.029100        False     0.029100
        3585     0.029300         True     0.011297
        5233     0.029300        False     0.029300
        3546     0.029500         True     0.011321
        3664     0.029600        False     0.029600
        3744     0.029600        False     0.029600
        4250     0.029700        False     0.029700
        3549     0.029900         True     0.011393
        3170     0.030000         True     0.004679
        3171     0.030000        False     0.030000
        3172     0.030000         True     0.007871
        3174     0.030000        False     0.030000
        3176     0.030000         True     0.011393
        3187     0.030000        False     0.030000
        3196     0.030000         True     0.015545
        3425     0.030000        False     0.030000
        3427     0.030000        False     0.030000
        3431     0.030000         True     0.020658
        3434     0.030000        False     0.030000
        3440     0.030000        False     0.030000
        3443     0.030000        False     0.030000
        3618     0.030000        False     0.030000
        4144     0.030000        False     0.030000
        4152     0.030000        False     0.030000
        3797     0.030000        False     0.030000
        3798     0.030000        False     0.030000
        3817     0.030000        False     0.030000
        3836     0.030000        False     0.030000
        4546     0.030000        False     0.030000
        4197     0.030000        False     0.030000
        4234     0.030000        False     0.030000
        4238     0.030000        False     0.030000
        4240     0.030000        False     0.030000
        4251     0.030000        False     0.030000
        4252     0.030000        False     0.030000
        4255     0.030000        False     0.030000
        4257     0.030000        False     0.030000
        4258     0.030000        False     0.030000
        4260     0.030000        False     0.030000
        4266     0.030000        False     0.030000
        4275     0.030000        False     0.030000
        4303     0.030000        False     0.030000
        4306     0.030000        False     0.030000
        4318     0.030000        False     0.030000
        4447     0.030000        False     0.030000
        5000     0.030000        False     0.030000
        5006     0.030000        False     0.030000
        5200     0.030100        False     0.030100
        5240     0.030100        False     0.030100
        4578     0.030700         True     0.012200
        4799     0.030700        False     0.030700
        3703     0.031000        False     0.031000
        4150     0.031000        False     0.031000
        3628     0.031200         True     0.012273
        3721     0.031400        False     0.031400
        3464     0.031500        False     0.031500
        3469     0.031500        False     0.031500
        5209     0.031900        False     0.031900
        3795     0.032000        False     0.032000
        3834     0.032000        False     0.032000
        3982     0.032000        False     0.032000
        3785     0.032100         True     0.012444
        3827     0.032100        False     0.032100
        3624     0.032200         True     0.012468
        3637     0.032300        False     0.032300
        5143     0.032300        False     0.032300
        3571     0.032600        False     0.032600
        3544     0.032800        False     0.032800
        4263     0.032800        False     0.032800
        5241     0.032800        False     0.032800
        3632     0.032900        False     0.032900
        5255     0.032900         True     0.012615
        3687     0.033000        False     0.033000
        4033     0.033000        False     0.033000
        3811     0.033000        False     0.033000
        3837     0.033000        False     0.033000
        4541     0.033000        False     0.033000
        5257     0.033100         True     0.012763
        4467     0.033200        False     0.033200
        3659     0.033300        False     0.033300
        3459     0.033500        False     0.033500
        3636     0.033500        False     0.033500
        4155     0.034000        False     0.034000
        3799     0.034000        False     0.034000
        3547     0.034100        False     0.034100
        4245     0.034100        False     0.034100
        4963     0.034500        False     0.034500
        3545     0.034800        False     0.034800
        3742     0.034800         True     0.012986
        3813     0.035000        False     0.035000
        4536     0.035000        False     0.035000
        5110     0.035000        False     0.035000
        4961     0.035100        False     0.035100
        5147     0.035100        False     0.035100
        5230     0.035100        False     0.035100
        5151     0.035300        False     0.035300
        5250     0.035300        False     0.035300
        4108     0.035400        False     0.035400
        3878     0.035800        False     0.035800
        5132     0.035800        False     0.035800
        3810     0.036000        False     0.036000
        3830     0.036000        False     0.036000
        5205     0.036000        False     0.036000
        5117     0.036100        False     0.036100
        3567     0.036300        False     0.036300
        3743     0.036400         True     0.013412
        5231     0.036700        False     0.036700
        4235     0.036800        False     0.036800
        4792     0.036900        False     0.036900
        4022     0.037000        False     0.037000
        3794     0.037000        False     0.037000
        4540     0.037000        False     0.037000
        4959     0.037000        False     0.037000
        4811     0.037000        False     0.037000
        3968     0.037100        False     0.037100
        3741     0.037200         True     0.013641
        5229     0.037200        False     0.037200
        4297     0.037300        False     0.037300
        3550     0.037400        False     0.037400
        5204     0.037600        False     0.037600
        3638     0.037700        False     0.037700
        5146     0.037700        False     0.037700
        5115     0.037800        False     0.037800
        3997     0.038000        False     0.038000
        3660     0.038200        False     0.038200
        3586     0.038500        False     0.038500
        4273     0.038800        False     0.038800
        4017     0.039000        False     0.039000
        4196     0.039000        False     0.039000
        5149     0.039000        False     0.039000
        5116     0.039300        False     0.039300
        3478     0.039400        False     0.039400
        4319     0.039400        False     0.039400
        3709     0.039500        False     0.039500
        3689     0.039700        False     0.039700
        3693     0.039700        False     0.039700
        5144     0.039800        False     0.039800
        3580     0.039900        False     0.039900
        3169     0.040000        False     0.040000
        3180     0.040000        False     0.040000
        3188     0.040000        False     0.040000
        3429     0.040000        False     0.040000
        3444     0.040000        False     0.040000
        4005     0.040000        False     0.040000
        4010     0.040000        False     0.040000
        4012     0.040000        False     0.040000
        3814     0.040000        False     0.040000
        4465     0.040000        False     0.040000
        4537     0.040000        False     0.040000
        4565     0.040000        False     0.040000
        4242     0.040000        False     0.040000
        4243     0.040000        False     0.040000
        4259     0.040000        False     0.040000
        4292     0.040000        False     0.040000
        4317     0.040000        False     0.040000
        5003     0.040000        False     0.040000
        4822     0.040000        False     0.040000
        4446     0.040500        False     0.040500
        4817     0.040800        False     0.040800
        3793     0.041000        False     0.041000
        3993     0.041000        False     0.041000
        4556     0.041000        False     0.041000
        5207     0.041200        False     0.041200
        3885     0.041300        False     0.041300
        4270     0.041400        False     0.041400
        3572     0.041800        False     0.041800
        4559     0.042000        False     0.042000
        4160     0.042000        False     0.042000
        5237     0.042000        False     0.042000
        3738     0.042200        False     0.042200
        3707     0.042400        False     0.042400
        4452     0.042500        False     0.042500
        4241     0.043600        False     0.043600
        3677     0.043700        False     0.043700
        4454     0.043900        False     0.043900
        3701     0.044000        False     0.044000
        3728     0.044000        False     0.044000
        4557     0.044000        False     0.044000
        4165     0.044000        False     0.044000
        4289     0.044300        False     0.044300
        5187     0.044600        False     0.044600
        3457     0.044900        False     0.044900
        3792     0.044900        False     0.044900
        4552     0.045000        False     0.045000
        3552     0.045200        False     0.045200
        3675     0.045500        False     0.045500
        4966     0.045800        False     0.045800
        3839     0.046000        False     0.046000
        3690     0.047100        False     0.047100
        4008     0.047100        False     0.047100
        3953     0.047400        False     0.047400
        3954     0.047400        False     0.047400
        3685     0.047800        False     0.047800
        4456     0.047900        False     0.047900
        4553     0.048000        False     0.048000
        4333     0.048300        False     0.048300
        4572     0.048300         True     0.015753
        5236     0.048300        False     0.048300
        3740     0.048900        False     0.048900
        3736     0.049500        False     0.049500
        4261     0.049500        False     0.049500
        4268     0.049500        False     0.049500
        3695     0.049600        False     0.049600
        3178     0.050000        False     0.050000
        3420     0.050000        False     0.050000
        3432     0.050000        False     0.050000
        4002     0.050000        False     0.050000
        3816     0.050000        False     0.050000
        4459     0.050000        False     0.050000
        4321     0.050000        False     0.050000
        4999     0.050000        False     0.050000
        4812     0.050000        False     0.050000
        3647     0.050700        False     0.050700
        4286     0.050700        False     0.050700
        4284     0.051000        False     0.051000
        4313     0.051800        False     0.051800
        3608     0.052400        False     0.052400
        3623     0.052500        False     0.052500
        3648     0.052800        False     0.052800
        3615     0.053100        False     0.053100
        4554     0.054000        False     0.054000
        4244     0.054500        False     0.054500
        3869     0.055000        False     0.055000
        3950     0.055000        False     0.055000
        4448     0.055000        False     0.055000
        4314     0.055300        False     0.055300
        3453     0.055700        False     0.055700
        3521     0.055700        False     0.055700
        3666     0.055900        False     0.055900
        3812     0.056000        False     0.056000
        3726     0.056300        False     0.056300
        3694     0.056500        False     0.056500
        4797     0.056700        False     0.056700
        4577     0.057000        False     0.057000
        4800     0.057200        False     0.057200
        4279     0.057300        False     0.057300
        4311     0.057300        False     0.057300
        4539     0.058000        False     0.058000
        4555     0.058000        False     0.058000
        5148     0.058200        False     0.058200
        4962     0.058300        False     0.058300
        3616     0.058400        False     0.058400
        3564     0.058500        False     0.058500
        4444     0.058800        False     0.058800
        3883     0.059000        False     0.059000
        3674     0.059400        False     0.059400
        4004     0.059800        False     0.059800
        3179     0.060000        False     0.060000
        3183     0.060000        False     0.060000
        3195     0.060000        False     0.060000
        3426     0.060000        False     0.060000
        3433     0.060000        False     0.060000
        4001     0.060000        False     0.060000
        4464     0.060000        False     0.060000
        4329     0.060000        False     0.060000
        4443     0.060000        False     0.060000
        3617     0.060300        False     0.060300
        3530     0.061000        False     0.061000
        4128     0.061000        False     0.061000
        4473     0.061000        False     0.061000
        4267     0.061000        False     0.061000
        4299     0.061800        False     0.061800
        3990     0.062000        False     0.062000
        4262     0.062000        False     0.062000
        5010     0.062000        False     0.062000
        3620     0.062300        False     0.062300
        4535     0.062300        False     0.062300
        4088     0.062600        False     0.062600
        3692     0.063000        False     0.063000
        4300     0.063000        False     0.063000
        4584     0.063100        False     0.063100
        5124     0.063800        False     0.063800
        3599     0.064000        False     0.064000
        5123     0.064100        False     0.064100
        3619     0.064600        False     0.064600
        3708     0.065000        False     0.065000
        4475     0.065000        False     0.065000
        5263     0.065800        False     0.065800
        3846     0.066000        False     0.066000
        3451     0.066100        False     0.066100
        3697     0.066300        False     0.066300
        3718     0.066300        False     0.066300
        4477     0.067000        False     0.067000
        3879     0.068000        False     0.068000
        4956     0.068400        False     0.068400
        3445     0.069200        False     0.069200
        3678     0.069400        False     0.069400
        3566     0.069400         True     0.018425
        3173     0.070000        False     0.070000
        3189     0.070000        False     0.070000
        3190     0.070000        False     0.070000
        3435     0.070000        False     0.070000
        3439     0.070000        False     0.070000
        3441     0.070000        False     0.070000
        4140     0.070000        False     0.070000
        3815     0.070000        False     0.070000
        4560     0.070000        False     0.070000
        3688     0.070600        False     0.070600
        3621     0.071000        False     0.071000
        5015     0.071100        False     0.071100
        4054     0.072000        False     0.072000
        3940     0.072000        False     0.072000
        3941     0.072000        False     0.072000
        4246     0.074100        False     0.074100
        3963     0.074200        False     0.074200
        3553     0.074500        False     0.074500
        5224     0.074700        False     0.074700
        4193     0.075000        False     0.075000
        3563     0.075100        False     0.075100
        3471     0.075300        False     0.075300
        5219     0.075500        False     0.075500
        4236     0.075700        False     0.075700
        3646     0.076000        False     0.076000
        4281     0.076000        False     0.076000
        4759     0.076300        False     0.076300
        4472     0.076700        False     0.076700
        4816     0.076700        False     0.076700
        3477     0.078100        False     0.078100
        3663     0.078700        False     0.078700
        4201     0.079000        False     0.079000
        3452     0.079100        False     0.079100
        3992     0.079300        False     0.079300
        4460     0.079500        False     0.079500
        3192     0.080000        False     0.080000
        3423     0.080000        False     0.080000
        4307     0.080900        False     0.080900
        3472     0.081100        False     0.081100
        4954     0.082300        False     0.082300
        3682     0.082600        False     0.082600
        3607     0.083700        False     0.083700
        3966     0.083700        False     0.083700
        5112     0.084600        False     0.084600
        4301     0.085000        False     0.085000
        5232     0.085100        False     0.085100
        3886     0.086000        False     0.086000
        4471     0.086100        False     0.086100
        4455     0.086100        False     0.086100
        3972     0.087000        False     0.087000
        3622     0.087700        False     0.087700
        3684     0.088400        False     0.088400
        5111     0.091400        False     0.091400
        4462     0.092000        False     0.092000
        5134     0.093000        False     0.093000
        3513     0.094800        False     0.094800
        4466     0.096500        False     0.096500
        3175     0.100000        False     0.100000
        3181     0.100000        False     0.100000
        3430     0.100000        False     0.100000
        3601     0.100900        False     0.100900
        5155     0.101100        False     0.101100
        5251     0.102600        False     0.102600
        5154     0.102800        False     0.102800
        4332     0.103200        False     0.103200
        3475     0.104700        False     0.104700
        5118     0.104700        False     0.104700
        3551     0.105400        False     0.105400
        4280     0.106800        False     0.106800
        3737     0.107100        False     0.107100
        3602     0.107600        False     0.107600
        3182     0.110000        False     0.110000
        3185     0.110000        False     0.110000
        4955     0.111500        False     0.111500
        3587     0.112000        False     0.112000
        3468     0.112400        False     0.112400
        5145     0.112400        False     0.112400
        3578     0.113000        False     0.113000
        4458     0.114000        False     0.114000
        5119     0.114400        False     0.114400
        3680     0.114500        False     0.114500
        4579     0.122000        False     0.122000
        4254     0.123000        False     0.123000
        3691     0.125000        False     0.125000
        4794     0.129700        False     0.129700
        3672     0.130800        False     0.130800
        4239     0.131500        False     0.131500
        3977     0.131700        False     0.131700
        5114     0.131900        False     0.131900
        3476     0.132500        False     0.132500
        5234     0.134100        False     0.134100
        3673     0.136000        False     0.136000
        3676     0.138700        False     0.138700
        4453     0.139000        False     0.139000
        3186     0.140000        False     0.140000
        3193     0.140000        False     0.140000
        3438     0.140000        False     0.140000
        4964     0.140800         True     0.021747
        4958     0.149400        False     0.149400
        4271     0.152300        False     0.152300
        3683     0.154800        False     0.154800
        4957     0.156700        False     0.156700
        3473     0.156900        False     0.156900
        3436     0.160000        False     0.160000
        5125     0.161300        False     0.161300
        4253     0.161900        False     0.161900
        3462     0.163200        False     0.163200
        5262     0.163300        False     0.163300
        3458     0.166700        False     0.166700
        3455     0.168200        False     0.168200
        4194     0.169000        False     0.169000
        3474     0.170600        False     0.170600
        4769     0.172700        False     0.172700
        3681     0.179400        False     0.179400
        3428     0.180000        False     0.180000
        4583     0.187000        False     0.187000
        4195     0.190000        False     0.190000
        3705     0.197500        False     0.197500
        3446     0.206900        False     0.206900
        3686     0.208300        False     0.208300
        3422     0.210000        False     0.210000
        5258     0.210800        False     0.210800
        3450     0.216700        False     0.216700
        3191     0.220000        False     0.220000
        5223     0.228900        False     0.228900
        4302     0.230000        False     0.230000
        5260     0.233700        False     0.233700
        5222     0.235800        False     0.235800
        3442     0.240000        False     0.240000
        5221     0.249200        False     0.249200
        4573     0.250000        False     0.250000
        4973     0.254700        False     0.254700
        4478     0.267000        False     0.267000
        4322     0.267700        False     0.267700
        3184     0.270000        False     0.270000
        4006     0.270000        False     0.270000
        5227     0.286900        False     0.286900
        3177     0.300000        False     0.300000
        4463     0.307000        False     0.307000
        3704     0.325200        False     0.325200
        3999     0.330900        False     0.330900
        3706     0.340600        False     0.340600
        5220     0.343800        False     0.343800
        4290     0.348700        False     0.348700
        4003     0.349000        False     0.349000
        3958     0.351900        False     0.351900
        3960     0.351900        False     0.351900
        4442     0.356200        False     0.356200
        5226     0.372500        False     0.372500
        3194     0.380000        False     0.380000
        3437     0.400000        False     0.400000
        4323     0.408000        False     0.408000
        5225     0.445800        False     0.445800
        3712     0.500000        False     0.500000
        4256     0.552300        False     0.552300
        4007     0.661000        False     0.661000
        4825     0.724000        False     0.724000
        4000     0.926000        False     0.926000
        4589     1.738000        False     1.738000
        5247     1.972900        False     1.972900
        4585     4.796000        False     4.796000
