      QW_SEQ          OBS     CENSORED      MODELED
        5137     0.090000        False     0.090000
        4577     0.126000        False     0.126000
        4573     0.180000         True     0.048502
        4589     0.196000        False     0.196000
        4583     0.197000        False     0.197000
        3767     0.200000        False     0.200000
        2839     0.205568        False     0.205568
        3531     0.210000        False     0.210000
        3536     0.210000        False     0.210000
        3542     0.210000        False     0.210000
        5128     0.210000        False     0.210000
        3999     0.213000        False     0.213000
        3490     0.222000        False     0.222000
        4778     0.227000        False     0.227000
        3492     0.229000        False     0.229000
        3533     0.230000        False     0.230000
        3541     0.230000        False     0.230000
        5126     0.230000        False     0.230000
        4585     0.232000        False     0.232000
        3480     0.235000        False     0.235000
        3491     0.237000        False     0.237000
        3493     0.237000        False     0.237000
        3494     0.238000        False     0.238000
        3535     0.240000        False     0.240000
        3537     0.240000        False     0.240000
        3538     0.240000        False     0.240000
        3501     0.241000        False     0.241000
        3497     0.242000        False     0.242000
        3502     0.245000        False     0.245000
        3543     0.245000        False     0.245000
        3496     0.248000        False     0.248000
        3483     0.250000        False     0.250000
        3534     0.250000        False     0.250000
        4779     0.250000        False     0.250000
        3479     0.257000        False     0.257000
        3482     0.260000        False     0.260000
        3540     0.260000        False     0.260000
        4781     0.260000        False     0.260000
        4782     0.260000        False     0.260000
        3481     0.261000        False     0.261000
        3500     0.263000        False     0.263000
        3487     0.264000        False     0.264000
        3505     0.265000        False     0.265000
        3504     0.266000        False     0.266000
        3489     0.268000        False     0.268000
        3495     0.269000        False     0.269000
        3539     0.270000        False     0.270000
        3499     0.275000        False     0.275000
        3484     0.276000        False     0.276000
        4942     0.277000        False     0.277000
        3503     0.278000        False     0.278000
        4780     0.280000        False     0.280000
        3485     0.282000        False     0.282000
        3498     0.283000        False     0.283000
        3488     0.287000        False     0.287000
        3486     0.293000        False     0.293000
        4777     0.295000        False     0.295000
        3176     0.300000         True     0.240515
        3427     0.320000        False     0.320000
        2923     0.350000        False     0.350000
        4018     0.350000        False     0.350000
        4556     0.353000        False     0.353000
        4541     0.360000        False     0.360000
        3339     0.370000        False     0.370000
        3532     0.370000        False     0.370000
        3884     0.377000        False     0.377000
        3991     0.398000        False     0.398000
        4492     0.400000        False     0.400000
        3879     0.401000        False     0.401000
        3998     0.407000        False     0.407000
        3886     0.409000        False     0.409000
        4559     0.413000        False     0.413000
        3327     0.430000        False     0.430000
        3883     0.439000        False     0.439000
        4558     0.442000        False     0.442000
        4590     0.444000        False     0.444000
        4195     0.454000        False     0.454000
        4003     0.456000        False     0.456000
        4518     0.463000        False     0.463000
        4202     0.464000        False     0.464000
        4564     0.466000        False     0.466000
        4489     0.470000        False     0.470000
        5141     0.470000        False     0.470000
        4536     0.482000        False     0.482000
        4501     0.490000        False     0.490000
        4475     0.493000        False     0.493000
        3192     0.500000        False     0.500000
        4386     0.500000        False     0.500000
        4477     0.503000        False     0.503000
        4533     0.509000        False     0.509000
        4491     0.510000        False     0.510000
        4473     0.514000        False     0.514000
        4557     0.519000        False     0.519000
        3328     0.520000        False     0.520000
        4500     0.520000        False     0.520000
        4540     0.520000        False     0.520000
        4526     0.522000        False     0.522000
        3990     0.533000        False     0.533000
        4582     0.537000        False     0.537000
        4486     0.550000        False     0.550000
        4668     0.550000        False     0.550000
        4194     0.551000        False     0.551000
        4524     0.555000        False     0.555000
        4499     0.560000        False     0.560000
        4197     0.579000        False     0.579000
        4576     0.589000        False     0.589000
        4387     0.600000        False     0.600000
        4543     0.601000        False     0.601000
        4488     0.620000        False     0.620000
        4511     0.620000        False     0.620000
        4201     0.631000        False     0.631000
        4019     0.635000        False     0.635000
        4527     0.639000        False     0.639000
        4198     0.639000        False     0.639000
        4596     0.641000        False     0.641000
        4534     0.647000        False     0.647000
        4537     0.651000        False     0.651000
        4196     0.651000        False     0.651000
        4555     0.663000        False     0.663000
        4068     0.675000        False     0.675000
        4592     0.683000        False     0.683000
        4530     0.684000        False     0.684000
        4539     0.688000        False     0.688000
        4490     0.690000        False     0.690000
        4000     0.696000        False     0.696000
        4510     0.700000        False     0.700000
        4594     0.706000        False     0.706000
        4516     0.710000        False     0.710000
        4200     0.715000        False     0.715000
        4575     0.717000        False     0.717000
        4519     0.720000        False     0.720000
        3887     0.722000        False     0.722000
        3994     0.726000        False     0.726000
        4544     0.728000        False     0.728000
        4525     0.731000        False     0.731000
        4553     0.733000        False     0.733000
        4579     0.737000        False     0.737000
        3329     0.740000        False     0.740000
        3882     0.741000        False     0.741000
        3885     0.745000        False     0.745000
        3880     0.746000        False     0.746000
        3330     0.760000        False     0.760000
        4521     0.766000        False     0.766000
        3997     0.777000        False     0.777000
        4017     0.778000        False     0.778000
        3731     0.800000        False     0.800000
        3878     0.808000        False     0.808000
        4498     0.810000        False     0.810000
        3889     0.812000        False     0.812000
        4515     0.830000        False     0.830000
        4563     0.838000        False     0.838000
        4584     0.849000        False     0.849000
        4216     0.861000        False     0.861000
        4571     0.863000        False     0.863000
        4199     0.869000        False     0.869000
        5139     0.870000        False     0.870000
        3336     0.880000        False     0.880000
        4554     0.880000        False     0.880000
        4508     0.890000        False     0.890000
        3404     0.910000        False     0.910000
        4497     0.910000        False     0.910000
        5208     0.930000        False     0.930000
        5240     0.930000        False     0.930000
        4480     0.939000        False     0.939000
        4581     0.948000        False     0.948000
        4512     0.960000        False     0.960000
        3572     0.971000        False     0.971000
        3566     0.975000        False     0.975000
        3301     1.000000        False     1.000000
        4493     1.000000        False     1.000000
        4355     1.000000        False     1.000000
        5133     1.010000        False     1.010000
        5214     1.020000        False     1.020000
        4160     1.023000        False     1.023000
        4552     1.025000        False     1.025000
        3881     1.032000        False     1.032000
        3888     1.042000        False     1.042000
        4069     1.059000        False     1.059000
        4193     1.071000        False     1.071000
        3571     1.073000        False     1.073000
        4010     1.090000        False     1.090000
        4513     1.090000        False     1.090000
        5135     1.090000        False     1.090000
        3569     1.091000        False     1.091000
        4520     1.091000        False     1.091000
        3429     1.100000        False     1.100000
        5299     1.100000        False     1.100000
        4729     1.106000        False     1.106000
        4601     1.111000        False     1.111000
        4535     1.121000        False     1.121000
        3570     1.125000        False     1.125000
        3410     1.130000        False     1.130000
        2738     1.139128        False     1.139128
        4007     1.149000        False     1.149000
        3568     1.167000        False     1.167000
        3026     1.170000        False     1.170000
        4588     1.180000        False     1.180000
        4495     1.180927        False     1.180927
        4572     1.198000        False     1.198000
        3992     1.199000        False     1.199000
        4363     1.200000        False     1.200000
        4479     1.202000        False     1.202000
        4551     1.203000        False     1.203000
        4712     1.207000        False     1.207000
        4713     1.207000        False     1.207000
        4485     1.210000        False     1.210000
        4004     1.234000        False     1.234000
        4514     1.250000        False     1.250000
        4472     1.254000        False     1.254000
        4002     1.257000        False     1.257000
        4522     1.259000        False     1.259000
        4586     1.260000        False     1.260000
        5117     1.280000        False     1.280000
        3717     1.300000        False     1.300000
        4587     1.304000        False     1.304000
        4507     1.310000        False     1.310000
        4529     1.315000        False     1.315000
        3553     1.320000        False     1.320000
        5034     1.320000        False     1.320000
        4598     1.338000        False     1.338000
        4686     1.347000        False     1.347000
        3039     1.350000        False     1.350000
        5203     1.350000        False     1.350000
        3551     1.360000        False     1.360000
        4481     1.366000        False     1.366000
        5306     1.370000        False     1.370000
        2760     1.377308        False     1.377308
        3576     1.378000        False     1.378000
        4150     1.379000        False     1.379000
        4471     1.389000        False     1.389000
        5036     1.390000        False     1.390000
        5109     1.390000        False     1.390000
        3734     1.400000        False     1.400000
        3745     1.400000        False     1.400000
        3746     1.400000        False     1.400000
        3348     1.410000        False     1.410000
        5201     1.410000        False     1.410000
        3022     1.420000        False     1.420000
        4016     1.427000        False     1.427000
        3573     1.448000        False     1.448000
        3996     1.455000        False     1.455000
        5129     1.460000        False     1.460000
        5199     1.460000        False     1.460000
        5263     1.460000        False     1.460000
        4528     1.498000        False     1.498000
        2994     1.500000        False     1.500000
        5105     1.500000        False     1.500000
        4542     1.508000        False     1.508000
        4494     1.510000        False     1.510000
        2965     1.520000        False     1.520000
        4509     1.520000        False     1.520000
        4574     1.534000        False     1.534000
        2991     1.540000        False     1.540000
        4483     1.540000        False     1.540000
        4550     1.568000        False     1.568000
        4752     1.576000        False     1.576000
        3027     1.580000        False     1.580000
        4484     1.590000        False     1.590000
        4688     1.600000        False     1.600000
        5102     1.600000        False     1.600000
        5275     1.600000        False     1.600000
        4517     1.620000        False     1.620000
        5188     1.630000        False     1.630000
        2973     1.640000        False     1.640000
        4769     1.640000        False     1.640000
        5202     1.640000        False     1.640000
        4523     1.646000        False     1.646000
        2996     1.660000        False     1.660000
        3415     1.660000        False     1.660000
        4482     1.680000        False     1.680000
        5140     1.680000        False     1.680000
        5242     1.680000        False     1.680000
        3346     1.690000        False     1.690000
        3356     1.690000        False     1.690000
        5033     1.690000        False     1.690000
        4478     1.696000        False     1.696000
        4645     1.700000        False     1.700000
        5159     1.700000        False     1.700000
        2926     1.730000        False     1.730000
        4067     1.730000        False     1.730000
        5206     1.730000        False     1.730000
        2745     1.734603        False     1.734603
        4005     1.744000        False     1.744000
        3337     1.750000        False     1.750000
        4578     1.753000        False     1.753000
        3574     1.754000        False     1.754000
        2747     1.758618        False     1.758618
        4545     1.765000        False     1.765000
        4548     1.765000        False     1.765000
        4754     1.770000        False     1.770000
        5134     1.770000        False     1.770000
        2749     1.777927        False     1.777927
        4219     1.780000        False     1.780000
        2765     1.799060        False     1.799060
        3438     1.800000        False     1.800000
        5151     1.800000        False     1.800000
        3552     1.820000        False     1.820000
        4549     1.823000        False     1.823000
        2774     1.834074        False     1.834074
        3545     1.850000        False     1.850000
        3025     1.860000        False     1.860000
        5039     1.870000        False     1.870000
        4547     1.873000        False     1.873000
        5103     1.880000        False     1.880000
        2748     1.887531        False     1.887531
        4496     1.890000        False     1.890000
        3549     1.900000        False     1.900000
        4218     1.900000        False     1.900000
        5095     1.900000        False     1.900000
        4795     1.905000        False     1.905000
        4728     1.913000        False     1.913000
        3399     1.920000        False     1.920000
        4538     1.927000        False     1.927000
        4738     1.930000        False     1.930000
        3995     1.939000        False     1.939000
        2767     1.939115        False     1.939115
        4562     1.940000        False     1.940000
        2995     1.950000        False     1.950000
        4609     1.959000        False     1.959000
        2778     1.959240        False     1.959240
        5265     1.960000        False     1.960000
        2754     1.965292        False     1.965292
        5227     1.970000        False     1.970000
        2752     1.973841        False     1.973841
        2725     1.974225        False     1.974225
        2775     1.980421        False     1.980421
        4008     1.986000        False     1.986000
        3178     2.000000        False     2.000000
        4353     2.000000        False     2.000000
        5163     2.000000        False     2.000000
        4065     2.005000        False     2.005000
        4580     2.028000        False     2.028000
        4546     2.031000        False     2.031000
        4944     2.046462        False     2.046462
        4015     2.062000        False     2.062000
        2755     2.062840        False     2.062840
        4665     2.080000        False     2.080000
        5261     2.080000        False     2.080000
        4217     2.087000        False     2.087000
        4506     2.090000        False     2.090000
        3575     2.093000        False     2.093000
        4409     2.100000        False     2.100000
        5298     2.100000        False     2.100000
        5156     2.100000        False     2.100000
        5160     2.100000        False     2.100000
        5290     2.100000        False     2.100000
        4611     2.103000        False     2.103000
        4792     2.120000        False     2.120000
        4747     2.143000        False     2.143000
        4560     2.155000        False     2.155000
        3561     2.170000        False     2.170000
        5138     2.170000        False     2.170000
        3384     2.190000        False     2.190000
        3919     2.190000        False     2.190000
        5251     2.190000        False     2.190000
        4656     2.220000        False     2.220000
        3920     2.230000        False     2.230000
        4220     2.236000        False     2.236000
        3338     2.250000        False     2.250000
        4695     2.250000        False     2.250000
        4226     2.276000        False     2.276000
        3444     2.300000        False     2.300000
        4379     2.300000        False     2.300000
        5247     2.300000        False     2.300000
        4225     2.314000        False     2.314000
        4735     2.322000        False     2.322000
        3044     2.330000        False     2.330000
        2819     2.330175        False     2.330175
        3287     2.340000        False     2.340000
        4567     2.347000        False     2.347000
        4001     2.348000        False     2.348000
        3918     2.350000        False     2.350000
        4852     2.357000        False     2.357000
        4504     2.360000        False     2.360000
        3530     2.367000        False     2.367000
        2863     2.367927        False     2.367927
        4832     2.371000        False     2.371000
        4060     2.374000        False     2.374000
        2753     2.379022        False     2.379022
        4221     2.383000        False     2.383000
        4561     2.386000        False     2.386000
        2801     2.393815        False     2.393815
        4651     2.397000        False     2.397000
        2763     2.399291        False     2.399291
        4924     2.400000        False     2.400000
        5157     2.400000        False     2.400000
        2764     2.405102        False     2.405102
        4565     2.406000        False     2.406000
        2761     2.419992        False     2.419992
        4158     2.464000        False     2.464000
        4597     2.482000        False     2.482000
        3547     2.500000        False     2.500000
        5098     2.500000        False     2.500000
        2771     2.502219        False     2.502219
        2757     2.543813        False     2.543813
        2742     2.545974        False     2.545974
        2857     2.557261        False     2.557261
        4737     2.570000        False     2.570000
        5041     2.580000        False     2.580000
        2780     2.580652        False     2.580652
        3556     2.590000        False     2.590000
        4687     2.600000        False     2.600000
        5189     2.600000        False     2.600000
        4790     2.609518        False     2.609518
        3546     2.610000        False     2.610000
        3554     2.610000        False     2.610000
        5186     2.620000        False     2.620000
        3815     2.622000        False     2.622000
        4231     2.622000        False     2.622000
        2769     2.632188        False     2.632188
        2756     2.634061        False     2.634061
        2751     2.645925        False     2.645925
        3829     2.658000        False     2.658000
        3371     2.660000        False     2.660000
        4724     2.682000        False     2.682000
        3813     2.690000        False     2.690000
        5194     2.690000        False     2.690000
        3816     2.693000        False     2.693000
        3814     2.698000        False     2.698000
        3557     2.700000        False     2.700000
        4634     2.700000        False     2.700000
        5284     2.700000        False     2.700000
        2766     2.703657        False     2.703657
        4741     2.704000        False     2.704000
        2740     2.706539        False     2.706539
        5200     2.710000        False     2.710000
        4670     2.716000        False     2.716000
        4232     2.726000        False     2.726000
        4155     2.728000        False     2.728000
        2862     2.741696        False     2.741696
        3013     2.750000        False     2.750000
        2860     2.768161        False     2.768161
        5192     2.770000        False     2.770000
        4566     2.777000        False     2.777000
        4831     2.799000        False     2.799000
        4022     2.802000        False     2.802000
        4064     2.816000        False     2.816000
        2831     2.831609        False     2.831609
        3381     2.850000        False     2.850000
        5193     2.850000        False     2.850000
        2858     2.855335        False     2.855335
        3742     2.860000        False     2.860000
        3559     2.870000        False     2.870000
        5222     2.880000        False     2.880000
        4021     2.881000        False     2.881000
        4708     2.882000        False     2.882000
        3817     2.893000        False     2.893000
        3812     2.898000        False     2.898000
        4393     2.900000        False     2.900000
        4932     2.900000        False     2.900000
        5300     2.900000        False     2.900000
        4600     2.901000        False     2.901000
        3562     2.910000        False     2.910000
        5255     2.910000        False     2.910000
        3795     2.921000        False     2.921000
        3797     2.927000        False     2.927000
        2758     2.937131        False     2.937131
        4672     2.939000        False     2.939000
        2976     2.940000        False     2.940000
        5106     2.940000        False     2.940000
        5264     2.940000        False     2.940000
        2733     2.940973        False     2.940973
        3818     2.944000        False     2.944000
        2786     2.946977        False     2.946977
        3836     2.948000        False     2.948000
        5037     2.950000        False     2.950000
        3794     2.959000        False     2.959000
        4170     2.970000        False     2.970000
        5023     2.970000        False     2.970000
        4755     2.980000        False     2.980000
        4345     3.000000        False     3.000000
        4638     3.000000        False     3.000000
        4469     3.010000        False     3.010000
        4023     3.011000        False     3.011000
        4470     3.017000        False     3.017000
        3750     3.030000        False     3.030000
        4503     3.030000        False     3.030000
        4505     3.040000        False     3.040000
        2770     3.046303        False     3.046303
        4166     3.064000        False     3.064000
        3850     3.086000        False     3.086000
        3730     3.090000        False     3.090000
        4704     3.092000        False     3.092000
        2750     3.097022        False     3.097022
        4905     3.100000        False     3.100000
        5097     3.100000        False     3.100000
        3846     3.108000        False     3.108000
        3793     3.119000        False     3.119000
        2743     3.133765        False     3.133765
        4791     3.140000        False     3.140000
        4215     3.145000        False     3.145000
        4167     3.156000        False     3.156000
        3807     3.158000        False     3.158000
        3555     3.170000        False     3.170000
        2736     3.178385        False     3.178385
        2861     3.197405        False     3.197405
        4058     3.199000        False     3.199000
        4337     3.200000        False     3.200000
        4910     3.200000        False     3.200000
        4631     3.200000        False     3.200000
        4639     3.200000        False     3.200000
        4793     3.200000        False     3.200000
        5100     3.200000        False     3.200000
        3780     3.203000        False     3.203000
        3347     3.220000        False     3.220000
        5213     3.220000        False     3.220000
        2772     3.223245        False     3.223245
        4152     3.224000        False     3.224000
        3849     3.227000        False     3.227000
        4946     3.238183        False     3.238183
        2737     3.238279        False     3.238279
        3738     3.240000        False     3.240000
        2741     3.244523        False     3.244523
        3558     3.250000        False     3.250000
        2866     3.254273        False     3.254273
        5162     3.260000        False     3.260000
        2800     3.265560        False     3.265560
        3014     3.280000        False     3.280000
        5104     3.300000        False     3.300000
        4140     3.309000        False     3.309000
        3011     3.330000        False     3.330000
        3938     3.332000        False     3.332000
        3808     3.336000        False     3.336000
        2802     3.339766        False     3.339766
        3834     3.343000        False     3.343000
        3835     3.344000        False     3.344000
        2856     3.359939        False     3.359939
        4213     3.372000        False     3.372000
        4054     3.374000        False     3.374000
        4144     3.380000        False     3.380000
        3839     3.388000        False     3.388000
        2806     3.389429        False     3.389429
        4214     3.398000        False     3.398000
        4335     3.400000        False     3.400000
        2790     3.402061        False     3.402061
        3789     3.403000        False     3.403000
        2762     3.410947        False     3.410947
        3811     3.420000        False     3.420000
        2759     3.427661        False     3.427661
        3809     3.429000        False     3.429000
        2777     3.430879        False     3.430879
        3843     3.433000        False     3.433000
        2776     3.437267        False     3.437267
        2798     3.445288        False     3.445288
        3798     3.458000        False     3.458000
        2977     3.460000        False     3.460000
        3792     3.465000        False     3.465000
        4047     3.478000        False     3.478000
        2785     3.487602        False     3.487602
        2865     3.488131        False     3.488131
        3890     3.490000        False     3.490000
        3859     3.500000        False     3.500000
        3916     3.500000        False     3.500000
        4230     3.508000        False     3.508000
        4183     3.510000        False     3.510000
        3786     3.512000        False     3.512000
        4945     3.512194        False     3.512194
        3012     3.520000        False     3.520000
        3917     3.530000        False     3.530000
        3550     3.540000        False     3.540000
        3841     3.557000        False     3.557000
        4227     3.557000        False     3.557000
        4165     3.563000        False     3.563000
        3854     3.567000        False     3.567000
        2744     3.599704        False     3.599704
        5059     3.599998        False     3.599998
        3749     3.600000        False     3.600000
        4171     3.600000        False     3.600000
        3810     3.601000        False     3.601000
        2811     3.602106        False     3.602106
        4736     3.609000        False     3.609000
        4055     3.614000        False     3.614000
        2715     3.618196        False     3.618196
        5083     3.620000        False     3.620000
        4162     3.624000        False     3.624000
        4088     3.663000        False     3.663000
        2838     3.668579        False     3.668579
        3858     3.670000        False     3.670000
        3921     3.670000        False     3.670000
        3845     3.673000        False     3.673000
        3791     3.688000        False     3.688000
        3751     3.700000        False     3.700000
        3925     3.700000        False     3.700000
        3926     3.700000        False     3.700000
        5094     3.700000        False     3.700000
        5187     3.700000        False     3.700000
        2792     3.701864        False     3.701864
        3827     3.702000        False     3.702000
        4149     3.707000        False     3.707000
        5136     3.710000        False     3.710000
        2837     3.716657        False     3.716657
        2810     3.719924        False     3.719924
        2827     3.721797        False     3.721797
        3345     3.740000        False     3.740000
        3840     3.740000        False     3.740000
        2816     3.750615        False     3.750615
        3805     3.753000        False     3.753000
        2833     3.762910        False     3.762910
        2795     3.769538        False     3.769538
        4053     3.776000        False     3.776000
        2804     3.779913        False     3.779913
        4841     3.786000        False     3.786000
        2828     3.799317        False     3.799317
        4632     3.800000        False     3.800000
        5274     3.800000        False     3.800000
        3842     3.803000        False     3.803000
        4026     3.809000        False     3.809000
        5221     3.820000        False     3.820000
        4731     3.831000        False     3.831000
        4693     3.848000        False     3.848000
        4222     3.852000        False     3.852000
        3548     3.860000        False     3.860000
        4148     3.871000        False     3.871000
        4187     3.873000        False     3.873000
        3831     3.874000        False     3.874000
        4947     3.877798        False     3.877798
        4794     3.890000        False     3.890000
        4061     3.897000        False     3.897000
        4365     3.900000        False     3.900000
        5158     3.900000        False     3.900000
        4125     3.908000        False     3.908000
        3785     3.909000        False     3.909000
        3563     3.920000        False     3.920000
        5101     3.920000        False     3.920000
        2815     3.925972        False     3.925972
        2814     3.935866        False     3.935866
        2836     3.936251        False     3.936251
        3828     3.938000        False     3.938000
        4104     3.943000        False     3.943000
        2791     3.960074        False     3.960074
        2787     3.981687        False     3.981687
        4030     3.984000        False     3.984000
        4063     3.987000        False     3.987000
        2805     3.992782        False     3.992782
        5301     4.000000        False     4.000000
        4168     4.004000        False     4.004000
        2781     4.006759        False     4.006759
        3803     4.007000        False     4.007000
        3838     4.009000        False     4.009000
        4009     4.011000        False     4.011000
        5142     4.020000        False     4.020000
        4212     4.024000        False     4.024000
        2821     4.028276        False     4.028276
        5020     4.030000        False     4.030000
        3462     4.040000        False     4.040000
        4606     4.049000        False     4.049000
        2835     4.063434        False     4.063434
        5081     4.070000        False     4.070000
        4680     4.075000        False     4.075000
        2729     4.093741        False     4.093741
        3180     4.100000        False     4.100000
        4186     4.100000        False     4.100000
        4356     4.100000        False     4.100000
        4006     4.127000        False     4.127000
        3806     4.128000        False     4.128000
        2812     4.151665        False     4.151665
        2822     4.156804        False     4.156804
        5195     4.160000        False     4.160000
        5253     4.160000        False     4.160000
        4948     4.160983        False     4.160983
        4839     4.188000        False     4.188000
        5143     4.200000        False     4.200000
        4048     4.204000        False     4.204000
        2788     4.207668        False     4.207668
        2803     4.222317        False     4.222317
        4059     4.234000        False     4.234000
        2799     4.246524        False     4.246524
        4950     4.259829        False     4.259829
        3463     4.270000        False     4.270000
        3915     4.280000        False     4.280000
        2813     4.291192        False     4.291192
        4380     4.300000        False     4.300000
        2739     4.332066        False     4.332066
        4013     4.334000        False     4.334000
        2864     4.359395        False     4.359395
        4115     4.376000        False     4.376000
        2820     4.376590        False     4.376590
        4343     4.400000        False     4.400000
        4756     4.400000        False     4.400000
        2779     4.417031        False     4.417031
        4117     4.420000        False     4.420000
        4849     4.421000        False     4.421000
        3513     4.430000        False     4.430000
        5125     4.450000        False     4.450000
        3927     4.470000        False     4.470000
        2724     4.472698        False     4.472698
        2730     4.478605        False     4.478605
        2854     4.479710        False     4.479710
        5283     4.500000        False     4.500000
        4102     4.501000        False     4.501000
        4027     4.505000        False     4.505000
        4185     4.521000        False     4.521000
        2848     4.532207        False     4.532207
        2789     4.555357        False     4.555357
        4128     4.561000        False     4.561000
        2784     4.573128        False     4.573128
        4951     4.582302        False     4.582302
        3781     4.583000        False     4.583000
        2782     4.592581        False     4.592581
        4188     4.593000        False     4.593000
        4378     4.600000        False     4.600000
        5048     4.600000        False     4.600000
        5082     4.600000        False     4.600000
        4937     4.620000        False     4.620000
        2844     4.621831        False     4.621831
        2727     4.629708        False     4.629708
        4837     4.633000        False     4.633000
        2728     4.656557        False     4.656557
        5216     4.680000        False     4.680000
        2783     4.684174        False     4.684174
        3663     4.690000        False     4.690000
        2853     4.698343        False     4.698343
        4354     4.700000        False     4.700000
        4928     4.700000        False     4.700000
        5190     4.700000        False     4.700000
        3802     4.704000        False     4.704000
        4229     4.717000        False     4.717000
        5127     4.720000        False     4.720000
        2843     4.736911        False     4.736911
        4223     4.763000        False     4.763000
        3804     4.767000        False     4.767000
        4043     4.785000        False     4.785000
        2731     4.785757        False     4.785757
        3174     4.800000        False     4.800000
        2845     4.803961        False     4.803961
        3830     4.816000        False     4.816000
        4210     4.838000        False     4.838000
        4211     4.840000        False     4.840000
        2817     4.851847        False     4.851847
        2717     4.876342        False     4.876342
        4726     4.880000        False     4.880000
        5248     4.880000        False     4.880000
        3173     4.900000        False     4.900000
        3740     4.900000        False     4.900000
        5179     4.900000        False     4.900000
        4846     4.903000        False     4.903000
        3616     4.920000        False     4.920000
        3837     4.924000        False     4.924000
        2847     4.933161        False     4.933161
        3939     4.937000        False     4.937000
        3954     4.939000        False     4.939000
        4172     4.940000        False     4.940000
        4086     4.947000        False     4.947000
        5108     4.960000        False     4.960000
        3801     4.978000        False     4.978000
        5223     4.980000        False     4.980000
        5168     5.000000        False     5.000000
        2846     5.000980        False     5.000980
        2859     5.006119        False     5.006119
        3783     5.028000        False     5.028000
        2714     5.032295        False     5.032295
        4659     5.039000        False     5.039000
        3988     5.040000        False     5.040000
        5093     5.040000        False     5.040000
        2826     5.052132        False     5.052132
        2825     5.055061        False     5.055061
        3741     5.060000        False     5.060000
        4107     5.063000        False     5.063000
        4669     5.066000        False     5.066000
        3957     5.092000        False     5.092000
        4730     5.092000        False     5.092000
        3441     5.100000        False     5.100000
        2721     5.101891        False     5.101891
        4943     5.110104        False     5.110104
        2851     5.113706        False     5.113706
        4954     5.120000        False     5.120000
        3847     5.176000        False     5.176000
        4108     5.199000        False     5.199000
        4930     5.200000        False     5.200000
        4182     5.210000        False     5.210000
        3308     5.220000        False     5.220000
        4181     5.230000        False     5.230000
        2773     5.237623        False     5.237623
        4647     5.241000        False     5.241000
        4927     5.300000        False     5.300000
        5164     5.300000        False     5.300000
        3961     5.313000        False     5.313000
        4012     5.319000        False     5.319000
        3931     5.325000        False     5.325000
        3799     5.335000        False     5.335000
        3661     5.340000        False     5.340000
        5096     5.370000        False     5.370000
        5233     5.370000        False     5.370000
        2726     5.384355        False     5.384355
        4908     5.400000        False     5.400000
        4753     5.400000        False     5.400000
        2796     5.446506        False     5.446506
        3934     5.447000        False     5.447000
        2850     5.498763        False     5.498763
        4352     5.500000        False     5.500000
        4689     5.500000        False     5.500000
        5296     5.500000        False     5.500000
        3936     5.501000        False     5.501000
        4131     5.516000        False     5.516000
        5088     5.520000        False     5.520000
        4184     5.537000        False     5.537000
        2716     5.556351        False     5.556351
        3475     5.570000        False     5.570000
        5089     5.600000        False     5.600000
        5295     5.600000        False     5.600000
        2732     5.610096        False     5.610096
        3473     5.630000        False     5.630000
        3908     5.660000        False     5.660000
        2809     5.662929        False     5.662929
        4126     5.673000        False     5.673000
        2849     5.673111        False     5.673111
        3743     5.690000        False     5.690000
        4364     5.700000        False     5.700000
        3937     5.743000        False     5.743000
        3686     5.750000        False     5.750000
        5219     5.780000        False     5.780000
        3641     5.810000        False     5.810000
        5229     5.810000        False     5.810000
        4087     5.811000        False     5.811000
        3855     5.830000        False     5.830000
        3856     5.830000        False     5.830000
        5084     5.830000        False     5.830000
        4653     5.851000        False     5.851000
        3933     5.853000        False     5.853000
        2720     5.853656        False     5.853656
        4920     5.900000        False     5.900000
        5099     5.900000        False     5.900000
        4100     5.904000        False     5.904000
        3943     5.943000        False     5.943000
        3891     5.960000        False     5.960000
        4175     5.970000        False     5.970000
        3458     6.000000        False     6.000000
        3913     6.030000        False     6.030000
        5171     6.050000        False     6.050000
        2722     6.054902        False     6.054902
        2840     6.066621        False     6.066621
        3640     6.080000        False     6.080000
        3459     6.080000        False     6.080000
        3768     6.100000        False     6.100000
        4394     6.100000        False     6.100000
        5309     6.100000        False     6.100000
        4119     6.134000        False     6.134000
        3862     6.168000        False     6.168000
        3844     6.189000        False     6.189000
        4934     6.200000        False     6.200000
        4676     6.200000        False     6.200000
        5311     6.200000        False     6.200000
        3964     6.254000        False     6.254000
        2723     6.259798        False     6.259798
        3684     6.260000        False     6.260000
        3962     6.260000        False     6.260000
        4169     6.280000        False     6.280000
        3951     6.284000        False     6.284000
        3506     6.290000        False     6.290000
        5130     6.290000        False     6.290000
        5150     6.300000        False     6.300000
        3643     6.316000        False     6.316000
        2719     6.335589        False     6.335589
        4684     6.344000        False     6.344000
        3960     6.351000        False     6.351000
        3901     6.352656        False     6.352656
        3564     6.360000        False     6.360000
        3923     6.360000        False     6.360000
        4137     6.366000        False     6.366000
        2842     6.372764        False     6.372764
        4233     6.380000        False     6.380000
        2734     6.403408        False     6.403408
        5144     6.430000        False     6.430000
        3460     6.440000        False     6.440000
        4174     6.450000        False     6.450000
        3860     6.460000        False     6.460000
        3902     6.470000        False     6.470000
        3952     6.473000        False     6.473000
        3733     6.500000        False     6.500000
        4094     6.500000        False     6.500000
        5092     6.500000        False     6.500000
        5228     6.500000        False     6.500000
        4095     6.508000        False     6.508000
        3985     6.522000        False     6.522000
        3560     6.550000        False     6.550000
        4958     6.550000        False     6.550000
        3986     6.572000        False     6.572000
        4090     6.578000        False     6.578000
        3928     6.580000        False     6.580000
        2855     6.596296        False     6.596296
        4209     6.599000        False     6.599000
        4180     6.600000        False     6.600000
        4646     6.600000        False     6.600000
        4949     6.662626        False     6.662626
        2768     6.678860        False     6.678860
        3987     6.692000        False     6.692000
        5307     6.700000        False     6.700000
        3544     6.730000        False     6.730000
        5241     6.730000        False     6.730000
        3642     6.740000        False     6.740000
        3861     6.764000        False     6.764000
        3654     6.790000        False     6.790000
        4347     6.800000        False     6.800000
        5131     6.820000        False     6.820000
        3660     6.830000        False     6.830000
        2808     6.835053        False     6.835053
        4127     6.853000        False     6.853000
        3924     6.910000        False     6.910000
        3466     6.915000        False     6.915000
        5087     6.950000        False     6.950000
        5215     6.980000        False     6.980000
        3636     6.990000        False     6.990000
        5204     6.990000        False     6.990000
        3461     7.000000        False     7.000000
        4351     7.000000        False     7.000000
        5184     7.000000        False     7.000000
        5175     7.020000        False     7.020000
        4718     7.026000        False     7.026000
        3467     7.037000        False     7.037000
        3639     7.040000        False     7.040000
        5091     7.040000        False     7.040000
        4121     7.056000        False     7.056000
        3464     7.070000        False     7.070000
        4784     7.080000        False     7.080000
        3185     7.100000        False     7.100000
        4341     7.100000        False     7.100000
        4358     7.100000        False     7.100000
        5182     7.100000        False     7.100000
        4092     7.128000        False     7.128000
        3476     7.130000        False     7.130000
        4033     7.140000        False     7.140000
        3519     7.160000        False     7.160000
        3947     7.165000        False     7.165000
        3638     7.180000        False     7.180000
        3900     7.180000        False     7.180000
        4787     7.180000        False     7.180000
        5057     7.199997        False     7.199997
        5308     7.200000        False     7.200000
        5181     7.200000        False     7.200000
        3744     7.224000        False     7.224000
        3897     7.240000        False     7.240000
        3477     7.270000        False     7.270000
        5169     7.300000        False     7.300000
        3518     7.310000        False     7.310000
        3914     7.310000        False     7.310000
        4228     7.337000        False     7.337000
        3662     7.340000        False     7.340000
        4442     7.350000        False     7.350000
        4955     7.360000        False     7.360000
        2735     7.386918        False     7.386918
        3683     7.390000        False     7.390000
        4177     7.410000        False     7.410000
        3632     7.420000        False     7.420000
        3644     7.432000        False     7.432000
        3645     7.440000        False     7.440000
        3984     7.443000        False     7.443000
        3848     7.461000        False     7.461000
        4835     7.500000        False     7.500000
        4066     7.514000        False     7.514000
        3521     7.570000        False     7.570000
        3735     7.600000        False     7.600000
        4339     7.600000        False     7.600000
        4234     7.610000        False     7.610000
        3517     7.660000        False     7.660000
        2834     7.715635        False     7.715635
        3665     7.730000        False     7.730000
        3509     7.730000        False     7.730000
        3567     7.730000        False     7.730000
        2852     7.732158        False     7.732158
        4151     7.774000        False     7.774000
        3631     7.790000        False     7.790000
        4342     7.800000        False     7.800000
        4922     7.800000        False     7.800000
        4642     7.800000        False     7.800000
        5161     7.800000        False     7.800000
        5210     7.800000        False     7.800000
        3507     7.820000        False     7.820000
        3674     7.840000        False     7.840000
        3904     7.845018        False     7.845018
        4161     7.847000        False     7.847000
        3565     7.860000        False     7.860000
        5270     7.900000        False     7.900000
        5280     7.900000        False     7.900000
        3516     7.940000        False     7.940000
        3520     7.940000        False     7.940000
        5293     7.940000        False     7.940000
        4097     7.956000        False     7.956000
        3907     7.960000        False     7.960000
        4957     7.960000        False     7.960000
        3659     7.970000        False     7.970000
        3732     8.000000        False     8.000000
        3906     8.010000        False     8.010000
        3689     8.049000        False     8.049000
        4098     8.050000        False     8.050000
        3690     8.057000        False     8.057000
        3664     8.060000        False     8.060000
        4785     8.060000        False     8.060000
        3653     8.070000        False     8.070000
        3977     8.096000        False     8.096000
        5060     8.099998        False     8.099998
        3515     8.100000        False     8.100000
        3693     8.112000        False     8.112000
        4178     8.140000        False     8.140000
        3899     8.150000        False     8.150000
        3465     8.190000        False     8.190000
        3468     8.200000        False     8.200000
        5145     8.200000        False     8.200000
        3673     8.210000        False     8.210000
        3944     8.216000        False     8.216000
        4720     8.239000        False     8.239000
        4173     8.260000        False     8.260000
        3667     8.300000        False     8.300000
        4373     8.300000        False     8.300000
        4915     8.300000        False     8.300000
        5178     8.300000        False     8.300000
        4129     8.311000        False     8.311000
        3478     8.320000        False     8.320000
        3687     8.360000        False     8.360000
        3666     8.390000        False     8.390000
        4912     8.400000        False     8.400000
        5267     8.400000        False     8.400000
        3694     8.404000        False     8.404000
        3685     8.420000        False     8.420000
        3688     8.441000        False     8.441000
        4654     8.448000        False     8.448000
        3692     8.471000        False     8.471000
        3681     8.490000        False     8.490000
        4346     8.500000        False     8.500000
        4921     8.500000        False     8.500000
        3672     8.520000        False     8.520000
        3676     8.520000        False     8.520000
        3511     8.570000        False     8.570000
        3469     8.580000        False     8.580000
        4020     8.594000        False     8.594000
        5058     8.599998        False     8.599998
        3736     8.600000        False     8.600000
        4904     8.600000        False     8.600000
        5271     8.600000        False     8.600000
        3508     8.610000        False     8.610000
        3633     8.610000        False     8.610000
        3695     8.634000        False     8.634000
        4136     8.664000        False     8.664000
        3471     8.690000        False     8.690000
        3668     8.700000        False     8.700000
        4111     8.706000        False     8.706000
        3457     8.720000        False     8.720000
        3909     8.740000        False     8.740000
        4452     8.740000        False     8.740000
        3472     8.760000        False     8.760000
        4698     8.800000        False     8.800000
        3677     8.810000        False     8.810000
        5173     8.840000        False     8.840000
        4603     8.846000        False     8.846000
        4959     8.855000        False     8.855000
        3675     8.870000        False     8.870000
        4907     8.900000        False     8.900000
        4856     8.900000        False     8.900000
        3514     8.930000        False     8.930000
        4979     8.940000        False     8.940000
        4240     8.950000        False     8.950000
        3657     8.980000        False     8.980000
        3656     9.010000        False     9.010000
        3697     9.014000        False     9.014000
        3864     9.062000        False     9.062000
        3691     9.076000        False     9.076000
        5061     9.099998        False     9.099998
        3630     9.140000        False     9.140000
        4338     9.200000        False     9.200000
        4348     9.200000        False     9.200000
        4349     9.200000        False     9.200000
        4350     9.200000        False     9.200000
        4906     9.200000        False     9.200000
        4935     9.200000        False     9.200000
        4062     9.214000        False     9.214000
        3682     9.220000        False     9.220000
        3929     9.230000        False     9.230000
        3658     9.240000        False     9.240000
        3650     9.258000        False     9.258000
        3930     9.282000        False     9.282000
        3765     9.300000        False     9.300000
        5252     9.300000        False     9.300000
        3456     9.340000        False     9.340000
        3655     9.380000        False     9.380000
        4750     9.414000        False     9.414000
        3680     9.420000        False     9.420000
        3678     9.470000        False     9.470000
        5165     9.500000        False     9.500000
        4786     9.540000        False     9.540000
        3470     9.560000        False     9.560000
        3905     9.570000        False     9.570000
        3637     9.610000        False     9.610000
        3670     9.640000        False     9.640000
        3903     9.640000        False     9.640000
        3979     9.641000        False     9.641000
        4179     9.710000        False     9.710000
        3635     9.740000        False     9.740000
        4956     9.750000        False     9.750000
        3669     9.760000        False     9.760000
        4130     9.809000        False     9.809000
        4714     9.815000        False     9.815000
        3696     9.882000        False     9.882000
        2841     9.897878        False     9.897878
        3775     9.900000        False     9.900000
        5191     9.950000        False     9.950000
        4407    10.000000        False    10.000000
        5268    10.000000        False    10.000000
        5269    10.000000        False    10.000000
        4406    10.100000        False    10.100000
        3857    10.140000        False    10.140000
        3720    10.200000        False    10.200000
        4309    10.200000        False    10.200000
        4405    10.200000        False    10.200000
        4085    10.230000        False    10.230000
        4783    10.290000        False    10.290000
        3634    10.300000        False    10.300000
        3671    10.370000        False    10.370000
        4774    10.400000        False    10.400000
        5205    10.500000        False    10.500000
        3601    10.600000        False    10.600000
        3622    10.650000        False    10.650000
        3966    10.665000        False    10.665000
        5183    10.700000        False    10.700000
        5234    10.730000        False    10.730000
        3679    10.770000        False    10.770000
        3867    10.780000        False    10.780000
        4208    10.799000        False    10.799000
        5291    10.800000        False    10.800000
        3971    10.859000        False    10.859000
        5276    10.900000        False    10.900000
        4113    10.966000        False    10.966000
        3425    11.000000        False    11.000000
        3778    11.000000        False    11.000000
        4863    11.100000        False    11.100000
        2746    11.108619        False    11.108619
        4898    11.200000        False    11.200000
        5197    11.210000        False    11.210000
        4663    11.216000        False    11.216000
        3602    11.228000        False    11.228000
        3510    11.260000        False    11.260000
        4661    11.279000        False    11.279000
        3652    11.341000        False    11.341000
        5132    11.410000        False    11.410000
        3651    11.426000        False    11.426000
        5211    11.460000        False    11.460000
        5078    11.500000        False    11.500000
        5254    11.520000        False    11.520000
        3941    11.555000        False    11.555000
        4897    11.600000        False    11.600000
        3512    11.610000        False    11.610000
        3424    11.700000        False    11.700000
        4445    11.700000        False    11.700000
        4923    11.700000        False    11.700000
        3607    11.717000        False    11.717000
        3873    11.754000        False    11.754000
        4751    11.886000        False    11.886000
        4336    11.900000        False    11.900000
        3615    11.910000        False    11.910000
        4797    11.920000        False    11.920000
        3974    11.946000        False    11.946000
        3981    11.965000        False    11.965000
        4275    12.000000        False    12.000000
        3863    12.056000        False    12.056000
        5209    12.070000        False    12.070000
        5123    12.090000        False    12.090000
        4858    12.100000        False    12.100000
        5086    12.100000        False    12.100000
        4455    12.200000        False    12.200000
        5085    12.214000        False    12.214000
        5177    12.240000        False    12.240000
        5170    12.270000        False    12.270000
        5250    12.330000        False    12.330000
        4830    12.400000        False    12.400000
        5220    12.400000        False    12.400000
        4709    12.414000        False    12.414000
        3970    12.487000        False    12.487000
        3975    12.578000        False    12.578000
        2887    12.600000        False    12.600000
        4847    12.661000        False    12.661000
        3865    12.679000        False    12.679000
        3866    12.715000        False    12.715000
        3587    12.770000        False    12.770000
        4635    12.800000        False    12.800000
        5282    12.800000        False    12.800000
        2895    13.000000        False    13.000000
        4411    13.200000        False    13.200000
        3872    13.292000        False    13.292000
        4371    13.300000        False    13.300000
        5239    13.300000        False    13.300000
        4655    13.378000        False    13.378000
        3982    13.454000        False    13.454000
        5174    13.580000        False    13.580000
        3910    13.590000        False    13.590000
        3437    13.700000        False    13.700000
        4224    13.713000        False    13.713000
        4176    13.780000        False    13.780000
        3874    13.787000        False    13.787000
        5198    13.880000        False    13.880000
        4276    13.900000        False    13.900000
        4800    13.978000        False    13.978000
        3776    14.000000        False    14.000000
        4465    14.200000        False    14.200000
        4368    14.300000        False    14.300000
        3875    14.365000        False    14.365000
        3599    14.500000        False    14.500000
        5172    14.510000        False    14.510000
        4636    14.600000        False    14.600000
        5080    14.600000        False    14.600000
        4392    14.700000        False    14.700000
        4366    14.800000        False    14.800000
        5256    14.940000        False    14.940000
        3779    15.000000        False    15.000000
        5259    15.010000        False    15.010000
        3737    15.200000        False    15.200000
        4360    15.200000        False    15.200000
        4367    15.200000        False    15.200000
        4696    15.209000        False    15.209000
        3718    15.300000        False    15.300000
        3719    15.300000        False    15.300000
        3608    15.301000        False    15.301000
        2718    15.311196        False    15.311196
        4076    15.318000        False    15.318000
        4829    15.520000        False    15.520000
        5277    15.600000        False    15.600000
        4362    15.700000        False    15.700000
        5196    15.800000        False    15.800000
        3868    15.888000        False    15.888000
        5166    16.000000        False    16.000000
        5272    16.000000        False    16.000000
        3578    16.010000        False    16.010000
        4843    16.115000        False    16.115000
        5249    16.160000        False    16.160000
        3589    16.180000        False    16.180000
        4295    16.200000        False    16.200000
        4926    16.200000        False    16.200000
        4633    16.200000        False    16.200000
        4941    16.255000        False    16.255000
        5217    16.360000        False    16.360000
        3606    16.370000        False    16.370000
        4376    16.400000        False    16.400000
        4801    16.562000        False    16.562000
        3603    16.656000        False    16.656000
        3594    16.870000        False    16.870000
        4614    16.876000        False    16.876000
        4625    16.900000        False    16.900000
        3773    17.000000        False    17.000000
        5073    17.000000        False    17.000000
        3580    17.050000        False    17.050000
        4627    17.100000        False    17.100000
        4819    17.200000        False    17.200000
        4403    17.400000        False    17.400000
        3588    17.430000        False    17.430000
        4796    17.500000        False    17.500000
        5072    17.500000        False    17.500000
        3619    17.520000        False    17.520000
        3577    17.630000        False    17.630000
        5235    17.630000        False    17.630000
        4885    17.700000        False    17.700000
        5055    17.700000        False    17.700000
        5237    17.710000        False    17.710000
        4402    17.800000        False    17.800000
        5090    17.800000        False    17.800000
        3590    17.850000        False    17.850000
        5062    17.899994        False    17.899994
        4401    17.900000        False    17.900000
        3600    17.926000        False    17.926000
        3579    18.000000        False    18.000000
        5289    18.000000        False    18.000000
        4746    18.045000        False    18.045000
        5076    18.100000        False    18.100000
        3869    18.153000        False    18.153000
        3585    18.170000        False    18.170000
        3596    18.170000        False    18.170000
        3582    18.340000        False    18.340000
        3593    18.360000        False    18.360000
        5079    18.500000        False    18.500000
        3584    18.730000        False    18.730000
        5067    18.799988        False    18.799988
        3605    18.982000        False    18.982000
        3586    19.020000        False    19.020000
        4237    19.100000        False    19.100000
        3621    19.170000        False    19.170000
        3598    19.220000        False    19.220000
        3597    19.260000        False    19.260000
        4936    19.278000        False    19.278000
        4277    19.300000        False    19.300000
        4250    19.400000        False    19.400000
        3581    19.430000        False    19.430000
        2937    19.500000        False    19.500000
        4316    19.500000        False    19.500000
        5278    19.500000        False    19.500000
        4404    19.600000        False    19.600000
        5003    19.600000        False    19.600000
        3610    19.735000        False    19.735000
        4399    19.800000        False    19.800000
        3583    19.870000        False    19.870000
        3595    19.900000        False    19.900000
        4400    20.000000        False    20.000000
        4899    20.000000        False    20.000000
        3604    20.040000        False    20.040000
        4648    20.273000        False    20.273000
        4650    20.363000        False    20.363000
        4257    20.600000        False    20.600000
        4377    20.600000        False    20.600000
        4913    20.700000        False    20.700000
        4914    20.700000        False    20.700000
        5212    20.810000        False    20.810000
        3774    21.000000        False    21.000000
        3747    21.060000        False    21.060000
        3609    21.143000        False    21.143000
        4700    21.168000        False    21.168000
        4883    21.200000        False    21.200000
        5063    21.399994        False    21.399994
        4657    21.401000        False    21.401000
        4666    21.463000        False    21.463000
        4844    21.463000        False    21.463000
        3455    21.490000        False    21.490000
        4410    21.500000        False    21.500000
        3612    21.560000        False    21.560000
        4456    21.600000        False    21.600000
        4816    21.600000        False    21.600000
        4375    21.700000        False    21.700000
        4882    21.900000        False    21.900000
        3611    21.970000        False    21.970000
        5238    21.970000        False    21.970000
        4939    22.063000        False    22.063000
        5064    22.100000        False    22.100000
        5122    22.210000        False    22.210000
        4247    22.300000        False    22.300000
        4803    22.370000        False    22.370000
        4798    22.390000        False    22.390000
        3592    22.410000        False    22.410000
        4799    22.560000        False    22.560000
        3522    22.720000        False    22.720000
        3614    22.760000        False    22.760000
        4887    22.800000        False    22.800000
        4457    23.100000        False    23.100000
        4448    23.300000        False    23.300000
        2709    23.400000        False    23.400000
        4014    23.421000        False    23.421000
        4296    23.600000        False    23.600000
        5230    23.600000        False    23.600000
        3450    23.760000        False    23.760000
        4744    23.763000        False    23.763000
        3613    23.790000        False    23.790000
        3591    23.800000        False    23.800000
        4628    23.800000        False    23.800000
        4397    23.900000        False    23.900000
        4398    23.900000        False    23.900000
        3421    24.000000        False    24.000000
        3739    24.000000        False    24.000000
        3772    24.000000        False    24.000000
        4396    24.000000        False    24.000000
        5065    24.000000        False    24.000000
        5287    24.000000        False    24.000000
        4328    24.200000        False    24.200000
        4256    24.300000        False    24.300000
        4823    24.300000        False    24.300000
        4867    24.400000        False    24.400000
        5002    24.400000        False    24.400000
        4624    24.400000        False    24.400000
        5279    24.400000        False    24.400000
        5231    24.460000        False    24.460000
        4383    24.500000        False    24.500000
        4626    24.500000        False    24.500000
        4329    24.600000        False    24.600000
        4297    24.800000        False    24.800000
        5273    25.000000        False    25.000000
        4308    25.100000        False    25.100000
        5180    25.100000        False    25.100000
        4710    25.129000        False    25.129000
        4711    25.129000        False    25.129000
        4278    25.300000        False    25.300000
        5236    25.400000        False    25.400000
        5257    25.590000        False    25.590000
        4235    25.600000        False    25.600000
        4258    25.600000        False    25.600000
        4865    25.700000        False    25.700000
        4817    25.700000        False    25.700000
        4771    25.730000        False    25.730000
        4772    25.969000        False    25.969000
        4391    26.000000        False    26.000000
        3727    26.100000        False    26.100000
        4919    26.100000        False    26.100000
        3196    26.500000        False    26.500000
        4451    26.500000        False    26.500000
        4390    26.600000        False    26.600000
        4802    26.630000        False    26.630000
        5146    26.880000        False    26.880000
        3529    26.888000        False    26.888000
        5218    26.900000        False    26.900000
        4637    27.000000        False    27.000000
        5066    27.100000        False    27.100000
        4238    27.144000        False    27.144000
        3620    27.200000        False    27.200000
        4629    27.200000        False    27.200000
        4325    27.300000        False    27.300000
        4931    27.400000        False    27.400000
        3623    27.490000        False    27.490000
        4318    27.522000        False    27.522000
        5207    27.560000        False    27.560000
        4466    27.700000        False    27.700000
        4891    27.800000        False    27.800000
        3624    27.850000        False    27.850000
        3766    28.000000        False    28.000000
        3771    28.000000        False    28.000000
        5294    28.000000        False    28.000000
        3528    28.400000        False    28.400000
        4723    28.461000        False    28.461000
        4306    28.472000        False    28.472000
        4249    28.500000        False    28.500000
        5232    28.590000        False    28.590000
        5077    28.600000        False    28.600000
        4395    28.700000        False    28.700000
        5152    28.700000        False    28.700000
        4259    28.800000        False    28.800000
        3526    28.910000        False    28.910000
        3752    29.070000        False    29.070000
        3527    29.120000        False    29.120000
        3525    29.150000        False    29.150000
        4298    29.300000        False    29.300000
        3524    29.370000        False    29.370000
        4740    29.468000        False    29.468000
        3704    29.500000        False    29.500000
        4319    29.500000        False    29.500000
        3629    29.560000        False    29.560000
        4640    29.900000        False    29.900000
        4758    29.978000        False    29.978000
        5000    30.000000        False    30.000000
        4641    30.000000        False    30.000000
        4757    30.376000        False    30.376000
        3708    30.390000        False    30.390000
        2888    30.400000        False    30.400000
        4260    30.400000        False    30.400000
        4369    30.400000        False    30.400000
        4385    30.400000        False    30.400000
        4310    30.500000        False    30.500000
        4279    30.600000        False    30.600000
        4242    30.900000        False    30.900000
        4917    30.900000        False    30.900000
        3756    31.000000        False    31.000000
        3191    31.100000        False    31.100000
        4243    31.200000        False    31.200000
        3626    31.250000        False    31.250000
        4461    31.268000        False    31.268000
        3628    31.440000        False    31.440000
        3625    31.560000        False    31.560000
        4384    31.600000        False    31.600000
        3523    31.650000        False    31.650000
        4326    31.660000        False    31.660000
        3627    31.680000        False    31.680000
        4679    31.692000        False    31.692000
        3721    31.700000        False    31.700000
        4244    31.700000        False    31.700000
        4265    31.800000        False    31.800000
        4879    32.000000        False    32.000000
        5246    32.050000        False    32.050000
        3617    32.210000        False    32.210000
        4822    32.239000        False    32.239000
        4255    32.400000        False    32.400000
        4454    32.400000        False    32.400000
        4964    32.560000        False    32.560000
        4458    32.900000        False    32.900000
        4299    33.000000        False    33.000000
        4644    33.000000        False    33.000000
        4261    33.500000        False    33.500000
        4271    33.500000        False    33.500000
        3618    33.610000        False    33.610000
        4760    33.670000        False    33.670000
        4262    33.800000        False    33.800000
        4459    34.200000        False    34.200000
        4749    34.219000        False    34.219000
        4280    34.300000        False    34.300000
        4288    34.400000        False    34.400000
        4291    34.500000        False    34.500000
        4460    34.800000        False    34.800000
        4372    34.900000        False    34.900000
        3705    34.930000        False    34.930000
        3446    35.020000        False    35.020000
        5074    35.099976        False    35.099976
        3319    35.100000        False    35.100000
        4999    35.188000        False    35.188000
        5118    35.220000        False    35.220000
        4313    35.400000        False    35.400000
        3324    35.600000        False    35.600000
        5124    35.630000        False    35.630000
        3706    35.660000        False    35.660000
        4312    35.700000        False    35.700000
        5176    35.700000        False    35.700000
        5014    35.734000        False    35.734000
        4305    36.000000        False    36.000000
        5070    36.000000        False    36.000000
        4389    36.100000        False    36.100000
        4773    36.400000        False    36.400000
        5010    36.600000        False    36.600000
        5111    36.730000        False    36.730000
        4443    37.100000        False    37.100000
        4761    37.230000        False    37.230000
        5006    37.346000        False    37.346000
        4630    37.400000        False    37.400000
        3326    37.700000        False    37.700000
        4340    37.700000        False    37.700000
        4283    37.900000        False    37.900000
        4300    37.900000        False    37.900000
        4324    38.183000        False    38.183000
        4330    38.600000        False    38.600000
        3753    39.000000        False    39.000000
        3770    39.000000        False    39.000000
        4909    39.100000        False    39.100000
        4286    39.200000        False    39.200000
        3712    39.280000        False    39.280000
        2891    39.500000        False    39.500000
        5281    39.600000        False    39.600000
        5121    39.660000        False    39.660000
        4408    39.800000        False    39.800000
        4697    39.933400        False    39.933400
        4382    40.100000        False    40.100000
        4845    40.579000        False    40.579000
        4266    40.700000        False    40.700000
        4450    40.900000        False    40.900000
        3769    41.000000        False    41.000000
        3725    41.100000        False    41.100000
        4344    41.100000        False    41.100000
        4301    41.300000        False    41.300000
        4254    41.800000        False    41.800000
        3313    42.300000        False    42.300000
        5120    42.490000        False    42.490000
        4315    42.710000        False    42.710000
        4334    42.831000        False    42.831000
        4660    42.925000        False    42.925000
        4929    43.100000        False    43.100000
        4269    43.300000        False    43.300000
        4272    43.300000        False    43.300000
        3748    43.400000        False    43.400000
        4370    43.600000        False    43.600000
        4900    43.900000        False    43.900000
        4892    44.100000        False    44.100000
        4643    44.300000        False    44.300000
        4453    44.400000        False    44.400000
        4293    44.827000        False    44.827000
        4236    44.900000        False    44.900000
        5322    44.900000        False    44.900000
        4281    45.100000        False    45.100000
        3728    45.200000        False    45.200000
        4664    45.269000        False    45.269000
        4241    45.600000        False    45.600000
        4251    45.800000        False    45.800000
        5315    46.000000        False    46.000000
        4770    46.156000        False    46.156000
        3709    46.310000        False    46.310000
        4289    46.400000        False    46.400000
        4320    46.567000        False    46.567000
        4311    46.800000        False    46.800000
        4282    46.900000        False    46.900000
        4273    47.100000        False    47.100000
        4331    47.900000        False    47.900000
        3760    48.000000        False    48.000000
        4245    48.400000        False    48.400000
        5056    48.500000        False    48.500000
        4388    48.600000        False    48.600000
        4252    48.811000        False    48.811000
        5022    48.900000        False    48.900000
        5011    49.100000        False    49.100000
        4284    49.300000        False    49.300000
        5321    49.300000        False    49.300000
        4812    49.723000        False    49.723000
        2954    49.800000        False    49.800000
        4462    50.000000        False    50.000000
        5075    50.300000        False    50.300000
        4314    50.400000        False    50.400000
        5266    50.760000        False    50.760000
        4321    51.000000        False    51.000000
        5018    51.270000        False    51.270000
        4327    51.444000        False    51.444000
        4962    51.710000        False    51.710000
        4294    52.100000        False    52.100000
        4333    52.100000        False    52.100000
        5154    52.400000        False    52.400000
        4264    52.700000        False    52.700000
        4463    52.900000        False    52.900000
        4673    52.966000        False    52.966000
        5015    53.100000        False    53.100000
        4967    53.600000        False    53.600000
        5305    53.760000        False    53.760000
        3316    53.800000        False    53.800000
        4467    53.800000        False    53.800000
        4973    54.300000        False    54.300000
        5224    54.580000        False    54.580000
        5185    55.160000        False    55.160000
        5292    55.300000        False    55.300000
        4322    55.600000        False    55.600000
        3723    56.200000        False    56.200000
        5110    56.300000        False    56.300000
        4374    56.400000        False    56.400000
        4246    56.500000        False    56.500000
        4287    56.700000        False    56.700000
        4762    56.870000        False    56.870000
        4966    56.900000        False    56.900000
        4446    58.400000        False    58.400000
        4239    58.600000        False    58.600000
        4449    58.800000        False    58.800000
        5113    58.860000        False    58.860000
        3452    59.140000        False    59.140000
        4248    59.500000        False    59.500000
        3323    59.600000        False    59.600000
        4263    59.800000        False    59.800000
        5021    60.100000        False    60.100000
        4274    60.445000        False    60.445000
        3320    60.500000        False    60.500000
        5285    61.000000        False    61.000000
        4649    61.407000        False    61.407000
        4764    61.500000        False    61.500000
        4270    61.700000        False    61.700000
        4332    61.800000        False    61.800000
        2951    61.900000        False    61.900000
        3428    61.900000        False    61.900000
        3325    62.900000        False    62.900000
        5312    63.000000        False    63.000000
        3729    63.400000        False    63.400000
        5115    63.860000        False    63.860000
        5320    64.000000        False    64.000000
        3318    64.100000        False    64.100000
        4302    64.100000        False    64.100000
        3722    64.200000        False    64.200000
        4763    64.200000        False    64.200000
        5054    64.800000        False    64.800000
        3310    65.700000        False    65.700000
        4361    65.900000        False    65.900000
        5148    66.950000        False    66.950000
        4304    67.526000        False    67.526000
        3189    68.800000        False    68.800000
        3713    69.190000        False    69.190000
        5149    69.570000        False    69.570000
        4267    69.700000        False    69.700000
        3451    69.930000        False    69.930000
        4759    71.700000        False    71.700000
        3312    72.300000        False    72.300000
        4871    72.400000        False    72.400000
        5116    73.150000        False    73.150000
        5323    73.500000        False    73.500000
        3311    73.800000        False    73.800000
        4464    74.400000        False    74.400000
        5225    74.480000        False    74.480000
        4702    75.092000        False    75.092000
        4703    75.092000        False    75.092000
        4963    77.910000        False    77.910000
        3445    78.660000        False    78.660000
        3726    78.900000        False    78.900000
        3309    80.000000        False    80.000000
        3707    81.030000        False    81.030000
        3170    82.000000        False    82.000000
        3701    82.000000        False    82.000000
        5243    83.580000        False    83.580000
        3169    83.700000        False    83.700000
        4307    83.900000        False    83.900000
        3754    86.000000        False    86.000000
        5112    86.940000        False    86.940000
        5302    87.590000        False    87.590000
        4468    87.800000        False    87.800000
        4292    88.521000        False    88.521000
        5316    89.000000        False    89.000000
        5318    89.000000        False    89.000000
        3314    89.400000        False    89.400000
        3435    89.500000        False    89.500000
        4303    90.000000        False    90.000000
        3698    90.510000        False    90.510000
        5262    90.560000        False    90.560000
        3711    90.660000        False    90.660000
        3757    94.000000        False    94.000000
        4766    94.000000        False    94.000000
        5317    94.000000        False    94.000000
        5304    94.420000        False    94.420000
        4825    94.800000        False    94.800000
        3420    97.800000        False    97.800000
        5244    99.380000        False    99.380000
        3700    99.780000        False    99.780000
        4811   100.000000        False   100.000000
        3702   100.040000        False   100.040000
        3699   100.590000        False   100.590000
        4268   103.000000        False   103.000000
        4285   104.945000        False   104.945000
        3724   105.000000        False   105.000000
        5303   105.780000        False   105.780000
        3714   108.960000        False   108.960000
        4961   109.130000        False   109.130000
        5147   109.130000        False   109.130000
        3322   110.000000        False   110.000000
        3764   110.000000        False   110.000000
        4323   110.000000        False   110.000000
        4767   110.000000        False   110.000000
        5114   112.070000        False   112.070000
        3448   114.070000        False   114.070000
        3716   114.760000        False   114.760000
        4447   114.996000        False   114.996000
        5245   116.270000        False   116.270000
        4317   117.295000        False   117.295000
        4960   117.644000        False   117.644000
        3710   120.260000        False   120.260000
        5155   124.000000        False   124.000000
        2932   125.000000        False   125.000000
        3449   125.840000        False   125.840000
        3447   134.660000        False   134.660000
        3715   134.940000        False   134.940000
        3454   135.430000        False   135.430000
        5258   135.560000        False   135.560000
        3186   137.000000        False   137.000000
        3187   141.000000        False   141.000000
        4253   145.000000        False   145.000000
        5288   145.000000        False   145.000000
        5119   154.000000        False   154.000000
        4290   155.000000        False   155.000000
        3430   162.000000        False   162.000000
        4444   167.000000        False   167.000000
        4765   170.000000        False   170.000000
        3423   183.000000        False   183.000000
        3179   189.000000        False   189.000000
        3755   195.000000        False   195.000000
        3440   200.000000        False   200.000000
        3193   202.000000        False   202.000000
        3194   204.000000        False   204.000000
        3321   205.000000        False   205.000000
        3436   213.000000        False   213.000000
        3177   214.000000        False   214.000000
        5260   215.000000        False   215.000000
        3777   217.600000        False   217.600000
        3431   227.000000        False   227.000000
        4768   240.000000        False   240.000000
        5226   259.510000        False   259.510000
        5107   266.790000        False   266.790000
        3183   283.000000        False   283.000000
        3433   287.000000        False   287.000000
        3439   308.000000        False   308.000000
        3175   316.000000        False   316.000000
        3317   339.000000        False   339.000000
        3184   358.000000        False   358.000000
        5153   360.000000        False   360.000000
        3758   400.000000        False   400.000000
        5313   467.000000        False   467.000000
        5314   484.000000        False   484.000000
        3188   601.000000        False   601.000000
        3432   617.000000        False   617.000000
        5052   807.000000        False   807.000000
        3763   810.000000        False   810.000000
        3171   830.000000        False   830.000000
        3759   830.000000        False   830.000000
        3172   852.000000        False   852.000000
        5051   856.000000        False   856.000000
        3762   860.000000        False   860.000000
        4775   954.000000        False   954.000000
        3190  1130.000000        False  1130.000000
        3426  1350.000000        False  1350.000000
        3195  2220.000000        False  2220.000000
        3182  2630.000000        False  2630.000000
        3422  2750.000000        False  2750.000000
        3442  6790.000000        False  6790.000000
        3181  9060.000000        False  9060.000000
        3434 10200.000000        False 10200.000000
        3443 21000.000000        False 21000.000000
