      QW_SEQ          OBS     CENSORED      MODELED
        2847     0.020000         True     0.001191
        2849     0.020000         True     0.001600
        2862     0.020000         True     0.001917
        2719     0.020000         True     0.002190
        2741     0.020000         True     0.002434
        2744     0.020000         True     0.002659
        2752     0.020000         True     0.002869
        2759     0.020000         True     0.003067
        2766     0.020000         True     0.003256
        2772     0.020000         True     0.003438
        2776     0.020000         True     0.003613
        2782     0.020000         True     0.003783
        2783     0.020000         True     0.003948
        2792     0.020000         True     0.004108
        2794     0.020000         True     0.004265
        2807     0.020000         True     0.004419
        2815     0.020000         True     0.004569
        2818     0.020000         True     0.004717
        2824     0.020000         True     0.004863
        2829     0.020000         True     0.005006
        2837     0.020000         True     0.005147
        3075     0.020000         True     0.005287
        3077     0.020000         True     0.005424
        3079     0.020000         True     0.005560
        3125     0.020000         True     0.005695
        3126     0.020000         True     0.005828
        3162     0.020000         True     0.005960
        3168     0.020000         True     0.006090
        3214     0.020000         True     0.006220
        3215     0.020000         True     0.006348
        3226     0.020000         True     0.006475
        4134     0.020000         True     0.006602
        3754     0.020000         True     0.006727
        3757     0.020000         True     0.006852
        3764     0.020000         True     0.006976
        3765     0.020000         True     0.007099
        3766     0.020000         True     0.007222
        3768     0.020000         True     0.007344
        3769     0.020000         True     0.007465
        4336     0.020000         True     0.007585
        4339     0.020000         True     0.007705
        4342     0.020000         True     0.007825
        4343     0.020000         True     0.007944
        4346     0.020000         True     0.008062
        4347     0.020000         True     0.008180
        4348     0.020000         True     0.008298
        4350     0.020000         True     0.008415
        4351     0.020000         True     0.008532
        4352     0.020000         True     0.008648
        4361     0.020000         True     0.008764
        4362     0.020000         True     0.008879
        4364     0.020000         True     0.008995
        4365     0.020000         True     0.009110
        4372     0.020000         True     0.009224
        4373     0.020000         True     0.009339
        4376     0.020000         True     0.009453
        4377     0.020000         True     0.009567
        4378     0.020000         True     0.009680
        4379     0.020000         True     0.009794
        4380     0.020000         True     0.009907
        4382     0.020000         True     0.010020
        4388     0.020000         True     0.010133
        4390     0.020000         True     0.010245
        4391     0.020000         True     0.010357
        4394     0.020000         True     0.010470
        4395     0.020000         True     0.010582
        4396     0.020000         True     0.010694
        4397     0.020000         True     0.010805
        4398     0.020000         True     0.010917
        4399     0.020000         True     0.011028
        4400     0.020000         True     0.011140
        4401     0.020000         True     0.011251
        4402     0.020000         True     0.011362
        4860     0.020000         True     0.011473
        4864     0.020000         True     0.011584
        4866     0.020000         True     0.011694
        4871     0.020000         True     0.011805
        4872     0.020000         True     0.011916
        4873     0.020000         True     0.012026
        4878     0.020000         True     0.012137
        4879     0.020000        False     0.020000
        4887     0.020000         True     0.012247
        4889     0.020000         True     0.012357
        4890     0.020000         True     0.012468
        4901     0.020000         True     0.012578
        4903     0.020000         True     0.012688
        4919     0.020000         True     0.012798
        4939     0.020000         True     0.012908
        4941     0.020000         True     0.013018
        4945     0.020000         True     0.013129
        4953     0.020000         True     0.013239
        4628     0.020000         True     0.013349
        4629     0.020000         True     0.013459
        4630     0.020000         True     0.013569
        4631     0.020000         True     0.013679
        4632     0.020000         True     0.013788
        4634     0.020000         True     0.013898
        4635     0.020000         True     0.014008
        4639     0.020000         True     0.014118
        4642     0.020000         True     0.014228
        4645     0.020000         True     0.014338
        4646     0.020000         True     0.014448
        4648     0.020000         True     0.014558
        4672     0.020000         True     0.014669
        4678     0.020000         True     0.014779
        4680     0.020000         True     0.014889
        4681     0.020000         True     0.014999
        4683     0.020000         True     0.015109
        4684     0.020000         True     0.015219
        4687     0.020000         True     0.015329
        4688     0.020000         True     0.015440
        4694     0.020000         True     0.015550
        4695     0.020000         True     0.015660
        4696     0.020000         True     0.015771
        4703     0.020000         True     0.015881
        4705     0.020000         True     0.015992
        4714     0.020000         True     0.016103
        4723     0.020000         True     0.016213
        4724     0.020000         True     0.016324
        4727     0.020000         True     0.016435
        4732     0.020000         True     0.016545
        4734     0.020000         True     0.016656
        4735     0.020000         True     0.016767
        4737     0.020000         True     0.016878
        4741     0.020000         True     0.016990
        4746     0.020000         True     0.017101
        4748     0.020000         True     0.017212
        4755     0.020000         True     0.017323
        4831     0.020000         True     0.017435
        4833     0.020000         True     0.017546
        4837     0.020000         True     0.017658
        4838     0.020000         True     0.017770
        4839     0.020000         True     0.017881
        4843     0.020000         True     0.017993
        4849     0.020000         True     0.018105
        4850     0.020000         True     0.018217
        5306     0.020000         True     0.018329
        5307     0.020000         True     0.018442
        5309     0.020000         True     0.018554
        5310     0.020000         True     0.018666
        5312     0.020000         True     0.018779
        5314     0.020000         True     0.018892
        5315     0.020000         True     0.019004
        5055     0.020000         True     0.019117
        5056     0.020000         True     0.019230
        5074     0.020000         True     0.019343
        5076     0.020000         True     0.019456
        5283     0.020000         True     0.019570
        5284     0.020000         True     0.019683
        5285     0.020000         True     0.019797
        5289     0.020000         True     0.019910
        5290     0.020000         True     0.020024
        2735     0.020048        False     0.020048
        2737     0.020665        False     0.020665
        4647     0.020854        False     0.020854
        5046     0.021000        False     0.021000
        5282     0.021000        False     0.021000
        2790     0.021493        False     0.021493
        3140     0.021641        False     0.021641
        4677     0.021924        False     0.021924
        4870     0.022000        False     0.022000
        4888     0.022000        False     0.022000
        4891     0.022000        False     0.022000
        4900     0.022000        False     0.022000
        4640     0.022000        False     0.022000
        5064     0.022000         True     0.012192
        3256     0.022280        False     0.022280
        3100     0.022329        False     0.022329
        2745     0.022732        False     0.022732
        4928     0.023000        False     0.023000
        2734     0.023232        False     0.023232
        4674     0.023305        False     0.023305
        2767     0.023417        False     0.023417
        3127     0.023741        False     0.023741
        5270     0.024000        False     0.024000
        2827     0.024322        False     0.024322
        4750     0.024703        False     0.024703
        4937     0.024800        False     0.024800
        4337     0.025000        False     0.025000
        4886     0.025000        False     0.025000
        4760     0.025000        False     0.025000
        5059     0.025000         True     0.009812
        5060     0.025000         True     0.016360
        4697     0.025165        False     0.025165
        4744     0.025527        False     0.025527
        3078     0.025721        False     0.025721
        5304     0.026000        False     0.026000
        5316     0.026000        False     0.026000
        5080     0.026000        False     0.026000
        3161     0.026060        False     0.026060
        3102     0.026263        False     0.026263
        4740     0.026642        False     0.026642
        4804     0.026645        False     0.026645
        3076     0.026682        False     0.026682
        3777     0.027000        False     0.027000
        4914     0.027000        False     0.027000
        5061     0.027000        False     0.027000
        4742     0.027118        False     0.027118
        3123     0.027640        False     0.027640
        3775     0.028000        False     0.028000
        4407     0.028000        False     0.028000
        3153     0.028294        False     0.028294
        2850     0.028709        False     0.028709
        4728     0.028740        False     0.028740
        4437     0.028913        False     0.028913
        4385     0.029000        False     0.029000
        4922     0.029000        False     0.029000
        3234     0.029223        False     0.029223
        4412     0.029794        False     0.029794
        3349     0.030000        False     0.030000
        3362     0.030000        False     0.030000
        3363     0.030000        False     0.030000
        3364     0.030000         True     0.008926
        3365     0.030000         True     0.014647
        3366     0.030000         True     0.020390
        4404     0.030000        False     0.030000
        4949     0.030000        False     0.030000
        5291     0.030000        False     0.030000
        3752     0.031000        False     0.031000
        4375     0.031000        False     0.031000
        4909     0.031000        False     0.031000
        4636     0.031000        False     0.031000
        5308     0.031000        False     0.031000
        4739     0.031051        False     0.031051
        4818     0.031067        False     0.031067
        2722     0.031143        False     0.031143
        3099     0.031255        False     0.031255
        2866     0.031391        False     0.031391
        3103     0.031407        False     0.031407
        4722     0.031424        False     0.031424
        4651     0.031685        False     0.031685
        3104     0.031977        False     0.031977
        4353     0.032000        False     0.032000
        4370     0.032000        False     0.032000
        4902     0.032000        False     0.032000
        4077     0.032177        False     0.032177
        4706     0.032312        False     0.032312
        4654     0.032422        False     0.032422
        2751     0.032849        False     0.032849
        4360     0.033000        False     0.033000
        4389     0.033000        False     0.033000
        4925     0.033000        False     0.033000
        5075     0.033000        False     0.033000
        4686     0.033460        False     0.033460
        2758     0.033633        False     0.033633
        4691     0.033717        False     0.033717
        3101     0.033814        False     0.033814
        5062     0.034000        False     0.034000
        4655     0.034611        False     0.034611
        3225     0.034672        False     0.034672
        3154     0.034677        False     0.034677
        4745     0.034944        False     0.034944
        4874     0.035000        False     0.035000
        4880     0.035000        False     0.035000
        4853     0.035000        False     0.035000
        5271     0.035000        False     0.035000
        4690     0.035492        False     0.035492
        3257     0.035716        False     0.035716
        2860     0.035887        False     0.035887
        4893     0.036000        False     0.036000
        4641     0.036000        False     0.036000
        5050     0.036000        False     0.036000
        5078     0.036000        False     0.036000
        3152     0.036243        False     0.036243
        4656     0.036357        False     0.036357
        2809     0.036471        False     0.036471
        4754     0.036625        False     0.036625
        4699     0.036892        False     0.036892
        3755     0.037000        False     0.037000
        4344     0.037000        False     0.037000
        4355     0.037000        False     0.037000
        4923     0.037000        False     0.037000
        4637     0.037000        False     0.037000
        3819     0.037280        False     0.037280
        2833     0.037372        False     0.037372
        2779     0.037552        False     0.037552
        3124     0.037705        False     0.037705
        2826     0.037793        False     0.037793
        3155     0.037940        False     0.037940
        3772     0.038000        False     0.038000
        4915     0.038000        False     0.038000
        3255     0.038076        False     0.038076
        2721     0.038402        False     0.038402
        3235     0.038448        False     0.038448
        4657     0.038746        False     0.038746
        2746     0.038866        False     0.038866
        4349     0.039000        False     0.039000
        4371     0.039000        False     0.039000
        4408     0.039000        False     0.039000
        4924     0.039000        False     0.039000
        5070     0.039000        False     0.039000
        4832     0.039513        False     0.039513
        2887     0.040000        False     0.040000
        3298     0.040000         True     0.003030
        3304     0.040000        False     0.040000
        3331     0.040000        False     0.040000
        3337     0.040000        False     0.040000
        3340     0.040000        False     0.040000
        3353     0.040000         True     0.004360
        3354     0.040000         True     0.005482
        3355     0.040000         True     0.006505
        3356     0.040000         True     0.007469
        3357     0.040000         True     0.008397
        3358     0.040000        False     0.040000
        3359     0.040000        False     0.040000
        3361     0.040000        False     0.040000
        3368     0.040000         True     0.009299
        3369     0.040000         True     0.010184
        3370     0.040000         True     0.011058
        3371     0.040000         True     0.011924
        3372     0.040000         True     0.012785
        3392     0.040000        False     0.040000
        2983     0.040000         True     0.013644
        2984     0.040000         True     0.014503
        2985     0.040000         True     0.015363
        2986     0.040000         True     0.016226
        2990     0.040000         True     0.017092
        2994     0.040000         True     0.017963
        2995     0.040000         True     0.018839
        3025     0.040000         True     0.019722
        3026     0.040000         True     0.020612
        3029     0.040000         True     0.021509
        3037     0.040000        False     0.040000
        3063     0.040000        False     0.040000
        3064     0.040000        False     0.040000
        3080     0.040000        False     0.040000
        3105     0.040000        False     0.040000
        3116     0.040000        False     0.040000
        3148     0.040000        False     0.040000
        3198     0.040000         True     0.022415
        3216     0.040000         True     0.023330
        3396     0.040000         True     0.024255
        3443     0.040000         True     0.025189
        4070     0.040000         True     0.026134
        4079     0.040000         True     0.027090
        4082     0.040000        False     0.040000
        4148     0.040000         True     0.028058
        3823     0.040000         True     0.029037
        4167     0.040000         True     0.030029
        4415     0.040000         True     0.031033
        4993     0.040000         True     0.032051
        4994     0.040000        False     0.040000
        5007     0.040000         True     0.033083
        5025     0.040000         True     0.034129
        5028     0.040000         True     0.035190
        5302     0.040000        False     0.040000
        5272     0.040000        False     0.040000
        4841     0.040684        False     0.040684
        2786     0.040744        False     0.040744
        4675     0.040821        False     0.040821
        4861     0.041000        False     0.041000
        4875     0.041000        False     0.041000
        4934     0.041000        False     0.041000
        5320     0.041000        False     0.041000
        5269     0.041000        False     0.041000
        2834     0.041001        False     0.041001
        4834     0.041147        False     0.041147
        4844     0.041366        False     0.041366
        4644     0.042000        False     0.042000
        5273     0.042000        False     0.042000
        2727     0.042653        False     0.042653
        4845     0.042992        False     0.042992
        4862     0.043000        False     0.043000
        4918     0.043000        False     0.043000
        5161     0.043000        False     0.043000
        4653     0.043481        False     0.043481
        4667     0.043716        False     0.043716
        4738     0.043802        False     0.043802
        2825     0.044000        False     0.044000
        2773     0.044057        False     0.044057
        4852     0.044743        False     0.044743
        4345     0.045000        False     0.045000
        4410     0.045000        False     0.045000
        4743     0.045023        False     0.045023
        4733     0.045879        False     0.045879
        3747     0.046000        False     0.046000
        4358     0.046000        False     0.046000
        5063     0.046000        False     0.046000
        4762     0.047000        False     0.047000
        4854     0.047000        False     0.047000
        4704     0.047241        False     0.047241
        4664     0.047707        False     0.047707
        4659     0.047933        False     0.047933
        4384     0.048000        False     0.048000
        4405     0.048000        False     0.048000
        4411     0.048000        False     0.048000
        4857     0.048000        False     0.048000
        4916     0.048000        False     0.048000
        5094     0.048618        False     0.048618
        3774     0.049000        False     0.049000
        4858     0.049000        False     0.049000
        5321     0.049000        False     0.049000
        5073     0.049000        False     0.049000
        2714     0.050000        False     0.050000
        2728     0.050000        False     0.050000
        2739     0.050000        False     0.050000
        2763     0.050000        False     0.050000
        2777     0.050000        False     0.050000
        2788     0.050000        False     0.050000
        2791     0.050000        False     0.050000
        2801     0.050000        False     0.050000
        2836     0.050000        False     0.050000
        2838     0.050000        False     0.050000
        3245     0.050000        False     0.050000
        3250     0.050000        False     0.050000
        3251     0.050000        False     0.050000
        3328     0.050000        False     0.050000
        3346     0.050000        False     0.050000
        3360     0.050000        False     0.050000
        3367     0.050000        False     0.050000
        3038     0.050000        False     0.050000
        3065     0.050000        False     0.050000
        3082     0.050000        False     0.050000
        3093     0.050000        False     0.050000
        3094     0.050000        False     0.050000
        3134     0.050000        False     0.050000
        3149     0.050000        False     0.050000
        3159     0.050000        False     0.050000
        3165     0.050000        False     0.050000
        3203     0.050000        False     0.050000
        3204     0.050000        False     0.050000
        3212     0.050000        False     0.050000
        3222     0.050000        False     0.050000
        3237     0.050000        False     0.050000
        3397     0.050000        False     0.050000
        3400     0.050000        False     0.050000
        3431     0.050000        False     0.050000
        4071     0.050000        False     0.050000
        4072     0.050000        False     0.050000
        4944     0.050000        False     0.050000
        4965     0.050000        False     0.050000
        5012     0.050000        False     0.050000
        4763     0.050000        False     0.050000
        4806     0.050000        False     0.050000
        5311     0.050000        False     0.050000
        5042     0.050000        False     0.050000
        4649     0.050281        False     0.050281
        4716     0.050600        False     0.050600
        4652     0.050661        False     0.050661
        4363     0.051000        False     0.051000
        4881     0.051000        False     0.051000
        4927     0.051000        False     0.051000
        4936     0.051791        False     0.051791
        4340     0.052000        False     0.052000
        4354     0.052000        False     0.052000
        4913     0.052000        False     0.052000
        4676     0.052896        False     0.052896
        4935     0.053000        False     0.053000
        4624     0.053000        False     0.053000
        4720     0.053303        False     0.053303
        4663     0.053607        False     0.053607
        4876     0.054000        False     0.054000
        4761     0.054000        False     0.054000
        5294     0.054000        False     0.054000
        4842     0.054249        False     0.054249
        4758     0.054447        False     0.054447
        4638     0.055000        False     0.055000
        4414     0.055382        False     0.055382
        4921     0.056000        False     0.056000
        5058     0.056000        False     0.056000
        5180     0.056000        False     0.056000
        4417     0.056569        False     0.056569
        4335     0.057000        False     0.057000
        4859     0.057000        False     0.057000
        4865     0.057000        False     0.057000
        5077     0.057000        False     0.057000
        4413     0.057134        False     0.057134
        4938     0.057700        False     0.057700
        4650     0.057941        False     0.057941
        4359     0.058000        False     0.058000
        3778     0.059000        False     0.059000
        4917     0.059000        False     0.059000
        5319     0.059000        False     0.059000
        4752     0.059120        False     0.059120
        4439     0.059203        False     0.059203
        4434     0.059822        False     0.059822
        2840     0.060000        False     0.060000
        2716     0.060000        False     0.060000
        2717     0.060000        False     0.060000
        2740     0.060000        False     0.060000
        2757     0.060000        False     0.060000
        2774     0.060000        False     0.060000
        2784     0.060000        False     0.060000
        2795     0.060000        False     0.060000
        2830     0.060000        False     0.060000
        3252     0.060000        False     0.060000
        3261     0.060000        False     0.060000
        3336     0.060000        False     0.060000
        3339     0.060000        False     0.060000
        3395     0.060000        False     0.060000
        2993     0.060000        False     0.060000
        3030     0.060000        False     0.060000
        3050     0.060000        False     0.060000
        3066     0.060000        False     0.060000
        3067     0.060000        False     0.060000
        3095     0.060000        False     0.060000
        3107     0.060000        False     0.060000
        3117     0.060000        False     0.060000
        3118     0.060000        False     0.060000
        3150     0.060000        False     0.060000
        3157     0.060000        False     0.060000
        3197     0.060000        False     0.060000
        3199     0.060000        False     0.060000
        3205     0.060000        False     0.060000
        3399     0.060000        False     0.060000
        4051     0.060000        False     0.060000
        4106     0.060000        False     0.060000
        4869     0.060000        False     0.060000
        4943     0.060000        False     0.060000
        4946     0.060000        False     0.060000
        4950     0.060000        False     0.060000
        4989     0.060000        False     0.060000
        5027     0.060000        False     0.060000
        5034     0.060000        False     0.060000
        5040     0.060000        False     0.060000
        3773     0.061000        False     0.061000
        4367     0.061000        False     0.061000
        4409     0.061000        False     0.061000
        4643     0.061000        False     0.061000
        4766     0.061000        False     0.061000
        5067     0.061000        False     0.061000
        5268     0.061000        False     0.061000
        4662     0.061172        False     0.061172
        4436     0.061509        False     0.061509
        4877     0.062000        False     0.062000
        5081     0.062000        False     0.062000
        4730     0.062539        False     0.062539
        4907     0.065000        False     0.065000
        4855     0.065000        False     0.065000
        4899     0.066000        False     0.066000
        5322     0.066000        False     0.066000
        5065     0.066000        False     0.066000
        4689     0.066989        False     0.066989
        4863     0.067000        False     0.067000
        5185     0.067352        False     0.067352
        3759     0.068000        False     0.068000
        4885     0.068000        False     0.068000
        4926     0.068000        False     0.068000
        4426     0.068220        False     0.068220
        4709     0.068763        False     0.068763
        4736     0.069000        False     0.069000
        2848     0.070000        False     0.070000
        2852     0.070000        False     0.070000
        2859     0.070000        False     0.070000
        2861     0.070000        False     0.070000
        2898     0.070000        False     0.070000
        2922     0.070000        False     0.070000
        2715     0.070000        False     0.070000
        2720     0.070000        False     0.070000
        2724     0.070000        False     0.070000
        2731     0.070000        False     0.070000
        2780     0.070000        False     0.070000
        2805     0.070000        False     0.070000
        3280     0.070000        False     0.070000
        3283     0.070000        False     0.070000
        3338     0.070000        False     0.070000
        3348     0.070000        False     0.070000
        2952     0.070000        False     0.070000
        3024     0.070000        False     0.070000
        3028     0.070000        False     0.070000
        3039     0.070000        False     0.070000
        3040     0.070000        False     0.070000
        3068     0.070000        False     0.070000
        3069     0.070000        False     0.070000
        3070     0.070000        False     0.070000
        3087     0.070000        False     0.070000
        3088     0.070000        False     0.070000
        3119     0.070000        False     0.070000
        3131     0.070000        False     0.070000
        3135     0.070000        False     0.070000
        3143     0.070000        False     0.070000
        3144     0.070000        False     0.070000
        3200     0.070000        False     0.070000
        3206     0.070000        False     0.070000
        3209     0.070000        False     0.070000
        3434     0.070000        False     0.070000
        4083     0.070000        False     0.070000
        4971     0.070000        False     0.070000
        4790     0.070000        False     0.070000
        4827     0.070000        False     0.070000
        5039     0.070000        False     0.070000
        5044     0.070000        False     0.070000
        4830     0.070216        False     0.070216
        4726     0.070577        False     0.070577
        5274     0.072000        False     0.072000
        4661     0.073452        False     0.073452
        5088     0.073845        False     0.073845
        5279     0.075000        False     0.075000
        5182     0.077000        False     0.077000
        4427     0.077425        False     0.077425
        4673     0.078800        False     0.078800
        4756     0.078933        False     0.078933
        4721     0.079037        False     0.079037
        2842     0.080000        False     0.080000
        2750     0.080000        False     0.080000
        2785     0.080000        False     0.080000
        3253     0.080000        False     0.080000
        3285     0.080000        False     0.080000
        3299     0.080000        False     0.080000
        3327     0.080000        False     0.080000
        3350     0.080000        False     0.080000
        2957     0.080000        False     0.080000
        3013     0.080000        False     0.080000
        3022     0.080000        False     0.080000
        3034     0.080000        False     0.080000
        3041     0.080000        False     0.080000
        3043     0.080000        False     0.080000
        3049     0.080000        False     0.080000
        3051     0.080000        False     0.080000
        3083     0.080000        False     0.080000
        3084     0.080000        False     0.080000
        3085     0.080000        False     0.080000
        3096     0.080000        False     0.080000
        3108     0.080000        False     0.080000
        3120     0.080000        False     0.080000
        3121     0.080000        False     0.080000
        3128     0.080000        False     0.080000
        3136     0.080000        False     0.080000
        3141     0.080000        False     0.080000
        3151     0.080000        False     0.080000
        3213     0.080000        False     0.080000
        3217     0.080000        False     0.080000
        3410     0.080000        False     0.080000
        3417     0.080000        False     0.080000
        4081     0.080000        False     0.080000
        4403     0.080000        False     0.080000
        4969     0.080000        False     0.080000
        5030     0.080000        False     0.080000
        4814     0.080000        False     0.080000
        4820     0.080000        False     0.080000
        5045     0.080000        False     0.080000
        5286     0.080000        False     0.080000
        4840     0.080785        False     0.080785
        4366     0.081000        False     0.081000
        4387     0.081000        False     0.081000
        4702     0.081686        False     0.081686
        4912     0.082000        False     0.082000
        5305     0.082000        False     0.082000
        4725     0.082800        False     0.082800
        4692     0.083199        False     0.083199
        4425     0.083508        False     0.083508
        4764     0.084000        False     0.084000
        5292     0.084000        False     0.084000
        3760     0.085000        False     0.085000
        4627     0.085000        False     0.085000
        5281     0.085000        False     0.085000
        4386     0.086000        False     0.086000
        4406     0.086000        False     0.086000
        4882     0.087000        False     0.087000
        4420     0.087837        False     0.087837
        4856     0.088000        False     0.088000
        4422     0.088461        False     0.088461
        3771     0.089000        False     0.089000
        5296     0.089000        False     0.089000
        2897     0.090000        False     0.090000
        2899     0.090000        False     0.090000
        2754     0.090000        False     0.090000
        2768     0.090000        False     0.090000
        2796     0.090000        False     0.090000
        3238     0.090000        False     0.090000
        3246     0.090000        False     0.090000
        2987     0.090000        False     0.090000
        3042     0.090000        False     0.090000
        3052     0.090000        False     0.090000
        3053     0.090000        False     0.090000
        3071     0.090000        False     0.090000
        3081     0.090000        False     0.090000
        3091     0.090000        False     0.090000
        3122     0.090000        False     0.090000
        3160     0.090000        False     0.090000
        3166     0.090000        False     0.090000
        3223     0.090000        False     0.090000
        3233     0.090000        False     0.090000
        3409     0.090000        False     0.090000
        4948     0.090000        False     0.090000
        4968     0.090000        False     0.090000
        4995     0.090000        False     0.090000
        4809     0.090000        False     0.090000
        3749     0.091000        False     0.091000
        4910     0.091000        False     0.091000
        4682     0.091227        False     0.091227
        4428     0.091939        False     0.091939
        3851     0.092000        False     0.092000
        3753     0.093000        False     0.093000
        5178     0.093000        False     0.093000
        4940     0.093264        False     0.093264
        4906     0.094000        False     0.094000
        4669     0.094637        False     0.094637
        3776     0.095000        False     0.095000
        4433     0.095891        False     0.095891
        4868     0.096000        False     0.096000
        4992     0.096837        False     0.096837
        5158     0.097000        False     0.097000
        5176     0.097000        False     0.097000
        4749     0.097256        False     0.097256
        4369     0.099000        False     0.099000
        4626     0.099000        False     0.099000
        4713     0.099456        False     0.099456
        2870     0.100000        False     0.100000
        2886     0.100000        False     0.100000
        2718     0.100000        False     0.100000
        2743     0.100000        False     0.100000
        2775     0.100000        False     0.100000
        2787     0.100000        False     0.100000
        2789     0.100000        False     0.100000
        2797     0.100000        False     0.100000
        2806     0.100000        False     0.100000
        2810     0.100000        False     0.100000
        2814     0.100000        False     0.100000
        2822     0.100000        False     0.100000
        2823     0.100000        False     0.100000
        3239     0.100000        False     0.100000
        3262     0.100000        False     0.100000
        2998     0.100000        False     0.100000
        3015     0.100000        False     0.100000
        3018     0.100000        False     0.100000
        3027     0.100000        False     0.100000
        3032     0.100000        False     0.100000
        3047     0.100000        False     0.100000
        3054     0.100000        False     0.100000
        3072     0.100000        False     0.100000
        3089     0.100000        False     0.100000
        3130     0.100000        False     0.100000
        3137     0.100000        False     0.100000
        3147     0.100000        False     0.100000
        3170     0.100000        False     0.100000
        3188     0.100000        False     0.100000
        3398     0.100000        False     0.100000
        4203     0.100000        False     0.100000
        4204     0.100000        False     0.100000
        4929     0.100000        False     0.100000
        5001     0.100000        False     0.100000
        5049     0.100000        False     0.100000
        4392     0.101000        False     0.101000
        5317     0.101000        False     0.101000
        4418     0.101477        False     0.101477
        4898     0.102000        False     0.102000
        3770     0.103000        False     0.103000
        4416     0.103125        False     0.103125
        3756     0.104000        False     0.104000
        4747     0.106275        False     0.106275
        4693     0.106306        False     0.106306
        4668     0.107981        False     0.107981
        4895     0.108000        False     0.108000
        4633     0.108000        False     0.108000
        4729     0.108298        False     0.108298
        4435     0.109637        False     0.109637
        2841     0.110000        False     0.110000
        2843     0.110000        False     0.110000
        2854     0.110000        False     0.110000
        2896     0.110000        False     0.110000
        2921     0.110000        False     0.110000
        2939     0.110000        False     0.110000
        2729     0.110000        False     0.110000
        2756     0.110000        False     0.110000
        2771     0.110000        False     0.110000
        3241     0.110000        False     0.110000
        3258     0.110000        False     0.110000
        3282     0.110000        False     0.110000
        3330     0.110000        False     0.110000
        3341     0.110000        False     0.110000
        2976     0.110000        False     0.110000
        2999     0.110000        False     0.110000
        3001     0.110000        False     0.110000
        3012     0.110000        False     0.110000
        3017     0.110000        False     0.110000
        3055     0.110000        False     0.110000
        3109     0.110000        False     0.110000
        3185     0.110000        False     0.110000
        3228     0.110000        False     0.110000
        3427     0.110000        False     0.110000
        3758     0.110000        False     0.110000
        3825     0.110000        False     0.110000
        4974     0.110000        False     0.110000
        5033     0.110000        False     0.110000
        5035     0.110000        False     0.110000
        4810     0.110000        False     0.110000
        5278     0.110000        False     0.110000
        4894     0.111000        False     0.111000
        4933     0.111000        False     0.111000
        4625     0.111000        False     0.111000
        4700     0.111640        False     0.111640
        4707     0.112834        False     0.112834
        4867     0.113000        False     0.113000
        4931     0.114000        False     0.114000
        5177     0.114065        False     0.114065
        4896     0.117000        False     0.117000
        4665     0.117316        False     0.117316
        3761     0.118000        False     0.118000
        2856     0.120000        False     0.120000
        2864     0.120000        False     0.120000
        2923     0.120000        False     0.120000
        2770     0.120000        False     0.120000
        2793     0.120000        False     0.120000
        2802     0.120000        False     0.120000
        2832     0.120000        False     0.120000
        3259     0.120000        False     0.120000
        3263     0.120000        False     0.120000
        3284     0.120000        False     0.120000
        3286     0.120000        False     0.120000
        3306     0.120000        False     0.120000
        3376     0.120000        False     0.120000
        2965     0.120000        False     0.120000
        2988     0.120000        False     0.120000
        3010     0.120000        False     0.120000
        3036     0.120000        False     0.120000
        3058     0.120000        False     0.120000
        3090     0.120000        False     0.120000
        3097     0.120000        False     0.120000
        3132     0.120000        False     0.120000
        3156     0.120000        False     0.120000
        3164     0.120000        False     0.120000
        3207     0.120000        False     0.120000
        3224     0.120000        False     0.120000
        3416     0.120000        False     0.120000
        4947     0.120000        False     0.120000
        4952     0.120000        False     0.120000
        4984     0.120000        False     0.120000
        5008     0.120000        False     0.120000
        5016     0.120000        False     0.120000
        5031     0.120000        False     0.120000
        4607     0.120000        False     0.120000
        4608     0.120000        False     0.120000
        4620     0.120000        False     0.120000
        4621     0.120000        False     0.120000
        4805     0.120000        False     0.120000
        4808     0.120000        False     0.120000
        5054     0.120000        False     0.120000
        5057     0.120000        False     0.120000
        5172     0.120058        False     0.120058
        4829     0.123028        False     0.123028
        4368     0.124000        False     0.124000
        4897     0.124000        False     0.124000
        4670     0.124199        False     0.124199
        5086     0.124662        False     0.124662
        4424     0.125994        False     0.125994
        4768     0.126000        False     0.126000
        4765     0.127000        False     0.127000
        5091     0.127167        False     0.127167
        4718     0.128505        False     0.128505
        4851     0.129146        False     0.129146
        2892     0.130000        False     0.130000
        2938     0.130000        False     0.130000
        2762     0.130000        False     0.130000
        2764     0.130000        False     0.130000
        2817     0.130000        False     0.130000
        2820     0.130000        False     0.130000
        2831     0.130000        False     0.130000
        3240     0.130000        False     0.130000
        3242     0.130000        False     0.130000
        3260     0.130000        False     0.130000
        3295     0.130000        False     0.130000
        3301     0.130000        False     0.130000
        3342     0.130000        False     0.130000
        3374     0.130000        False     0.130000
        2960     0.130000        False     0.130000
        2992     0.130000        False     0.130000
        3019     0.130000        False     0.130000
        3031     0.130000        False     0.130000
        3045     0.130000        False     0.130000
        3073     0.130000        False     0.130000
        3106     0.130000        False     0.130000
        3163     0.130000        False     0.130000
        3169     0.130000        False     0.130000
        3236     0.130000        False     0.130000
        3440     0.130000        False     0.130000
        4807     0.130000        False     0.130000
        4828     0.130000        False     0.130000
        4338     0.131000        False     0.131000
        4932     0.131000        False     0.131000
        5170     0.131529        False     0.131529
        5318     0.132000        False     0.132000
        4671     0.132601        False     0.132601
        4930     0.134000        False     0.134000
        4421     0.134286        False     0.134286
        4423     0.135178        False     0.135178
        4846     0.135659        False     0.135659
        4719     0.136320        False     0.136320
        4905     0.137000        False     0.137000
        5085     0.137131        False     0.137131
        4775     0.138000        False     0.138000
        5092     0.138741        False     0.138741
        2920     0.140000        False     0.140000
        2730     0.140000        False     0.140000
        2755     0.140000        False     0.140000
        2813     0.140000        False     0.140000
        2828     0.140000        False     0.140000
        3291     0.140000        False     0.140000
        3002     0.140000        False     0.140000
        3074     0.140000        False     0.140000
        3138     0.140000        False     0.140000
        3418     0.140000        False     0.140000
        3439     0.140000        False     0.140000
        3820     0.140000        False     0.140000
        3821     0.140000        False     0.140000
        5009     0.140000        False     0.140000
        5017     0.140000        False     0.140000
        4731     0.140405        False     0.140405
        4757     0.142956        False     0.142956
        5183     0.143000        False     0.143000
        5303     0.144000        False     0.144000
        4430     0.144717        False     0.144717
        5313     0.146000        False     0.146000
        5053     0.147000        False     0.147000
        5293     0.148000        False     0.148000
        4908     0.149000        False     0.149000
        2844     0.150000        False     0.150000
        2869     0.150000        False     0.150000
        2879     0.150000        False     0.150000
        2917     0.150000        False     0.150000
        2781     0.150000        False     0.150000
        2961     0.150000        False     0.150000
        2962     0.150000        False     0.150000
        2991     0.150000        False     0.150000
        3006     0.150000        False     0.150000
        3016     0.150000        False     0.150000
        3021     0.150000        False     0.150000
        3048     0.150000        False     0.150000
        3115     0.150000        False     0.150000
        3221     0.150000        False     0.150000
        4056     0.150000        False     0.150000
        3824     0.150000        False     0.150000
        4996     0.150000        False     0.150000
        3751     0.151000        False     0.151000
        5184     0.151000        False     0.151000
        4431     0.151308        False     0.151308
        4767     0.153000        False     0.153000
        4712     0.153140        False     0.153140
        5287     0.158000        False     0.158000
        4848     0.158711        False     0.158711
        2761     0.160000        False     0.160000
        2821     0.160000        False     0.160000
        3288     0.160000        False     0.160000
        3378     0.160000        False     0.160000
        2980     0.160000        False     0.160000
        2996     0.160000        False     0.160000
        3000     0.160000        False     0.160000
        3011     0.160000        False     0.160000
        3145     0.160000        False     0.160000
        3219     0.160000        False     0.160000
        4951     0.160000        False     0.160000
        4998     0.160000        False     0.160000
        5005     0.160000        False     0.160000
        5013     0.160000        False     0.160000
        4836     0.165000        False     0.165000
        4666     0.165575        False     0.165575
        3762     0.166000        False     0.166000
        3763     0.167000        False     0.167000
        4441     0.169331        False     0.169331
        2858     0.170000        False     0.170000
        2700     0.170000        False     0.170000
        2733     0.170000        False     0.170000
        2769     0.170000        False     0.170000
        2798     0.170000        False     0.170000
        2804     0.170000        False     0.170000
        3275     0.170000        False     0.170000
        3277     0.170000        False     0.170000
        3377     0.170000        False     0.170000
        3379     0.170000        False     0.170000
        2989     0.170000        False     0.170000
        2997     0.170000        False     0.170000
        3004     0.170000        False     0.170000
        3007     0.170000        False     0.170000
        3056     0.170000        False     0.170000
        3098     0.170000        False     0.170000
        3181     0.170000        False     0.170000
        3201     0.170000        False     0.170000
        3412     0.170000        False     0.170000
        3433     0.170000        False     0.170000
        3435     0.170000        False     0.170000
        4612     0.170000        False     0.170000
        4613     0.170000        False     0.170000
        5043     0.170000        False     0.170000
        5052     0.170000        False     0.170000
        4990     0.170236        False     0.170236
        4991     0.170509        False     0.170509
        5179     0.172000        False     0.172000
        5163     0.174000        False     0.174000
        4884     0.175000        False     0.175000
        4776     0.176000        False     0.176000
        2908     0.180000        False     0.180000
        2701     0.180000        False     0.180000
        2703     0.180000        False     0.180000
        2704     0.180000        False     0.180000
        2742     0.180000        False     0.180000
        3297     0.180000        False     0.180000
        3380     0.180000        False     0.180000
        3384     0.180000        False     0.180000
        2966     0.180000        False     0.180000
        2981     0.180000        False     0.180000
        3061     0.180000        False     0.180000
        3113     0.180000        False     0.180000
        3220     0.180000        False     0.180000
        3413     0.180000        False     0.180000
        4075     0.180000        False     0.180000
        4132     0.180000        False     0.180000
        4192     0.180000        False     0.180000
        5020     0.180000        False     0.180000
        4614     0.180000        False     0.180000
        4615     0.180000        False     0.180000
        5019     0.180088        False     0.180088
        4440     0.182482        False     0.182482
        4429     0.182716        False     0.182716
        4711     0.183354        False     0.183354
        5093     0.184000        False     0.184000
        5162     0.188813        False     0.188813
        2878     0.190000        False     0.190000
        2696     0.190000        False     0.190000
        2726     0.190000        False     0.190000
        2738     0.190000        False     0.190000
        3243     0.190000        False     0.190000
        3290     0.190000        False     0.190000
        3302     0.190000        False     0.190000
        3014     0.190000        False     0.190000
        3110     0.190000        False     0.190000
        3129     0.190000        False     0.190000
        4052     0.190000        False     0.190000
        4616     0.190000        False     0.190000
        4617     0.190000        False     0.190000
        4821     0.190000        False     0.190000
        4826     0.190000        False     0.190000
        4393     0.191000        False     0.191000
        5048     0.191000        False     0.191000
        5323     0.194000        False     0.194000
        2916     0.200000        False     0.200000
        2941     0.200000        False     0.200000
        2945     0.200000        False     0.200000
        2674     0.200000        False     0.200000
        2686     0.200000        False     0.200000
        2708     0.200000        False     0.200000
        3249     0.200000        False     0.200000
        3287     0.200000        False     0.200000
        3332     0.200000        False     0.200000
        2968     0.200000        False     0.200000
        2973     0.200000        False     0.200000
        2975     0.200000        False     0.200000
        2979     0.200000        False     0.200000
        3020     0.200000        False     0.200000
        3062     0.200000        False     0.200000
        3146     0.200000        False     0.200000
        3229     0.200000        False     0.200000
        3411     0.200000        False     0.200000
        4531     0.200000        False     0.200000
        4532     0.200000        False     0.200000
        5032     0.200000        False     0.200000
        5041     0.200000        False     0.200000
        5097     0.200000        False     0.200000
        4701     0.200761        False     0.200761
        4751     0.201229        False     0.201229
        4717     0.202259        False     0.202259
        5275     0.208000        False     0.208000
        4892     0.209000        False     0.209000
        2855     0.210000        False     0.210000
        2677     0.210000        False     0.210000
        2684     0.210000        False     0.210000
        3281     0.210000        False     0.210000
        3375     0.210000        False     0.210000
        3023     0.210000        False     0.210000
        3111     0.210000        False     0.210000
        3419     0.210000        False     0.210000
        3425     0.210000        False     0.210000
        4970     0.210000        False     0.210000
        4985     0.210000        False     0.210000
        4997     0.210000        False     0.210000
        5037     0.210000        False     0.210000
        3853     0.211000        False     0.211000
        4383     0.214000        False     0.214000
        2702     0.220000        False     0.220000
        2736     0.220000        False     0.220000
        2748     0.220000        False     0.220000
        2839     0.220000        False     0.220000
        3003     0.220000        False     0.220000
        3009     0.220000        False     0.220000
        3167     0.220000        False     0.220000
        3171     0.220000        False     0.220000
        3415     0.220000        False     0.220000
        4050     0.220000        False     0.220000
        3829     0.220000        False     0.220000
        4972     0.220000        False     0.220000
        4438     0.220701        False     0.220701
        4911     0.228000        False     0.228000
        3294     0.230000        False     0.230000
        3329     0.230000        False     0.230000
        3343     0.230000        False     0.230000
        3344     0.230000        False     0.230000
        3382     0.230000        False     0.230000
        3057     0.230000        False     0.230000
        3086     0.230000        False     0.230000
        4598     0.230000        False     0.230000
        4602     0.230000        False     0.230000
        4605     0.230000        False     0.230000
        5295     0.238000        False     0.238000
        2925     0.240000        False     0.240000
        2725     0.240000        False     0.240000
        3248     0.240000        False     0.240000
        3293     0.240000        False     0.240000
        2969     0.240000        False     0.240000
        2977     0.240000        False     0.240000
        3005     0.240000        False     0.240000
        3060     0.240000        False     0.240000
        3190     0.240000        False     0.240000
        5023     0.240000        False     0.240000
        5038     0.240000        False     0.240000
        5089     0.242717        False     0.242717
        3779     0.244000        False     0.244000
        4685     0.246778        False     0.246778
        3852     0.247000        False     0.247000
        5276     0.248000        False     0.248000
        2893     0.250000        False     0.250000
        2915     0.250000        False     0.250000
        2927     0.250000        False     0.250000
        3244     0.250000        False     0.250000
        3247     0.250000        False     0.250000
        3381     0.250000        False     0.250000
        2951     0.250000        False     0.250000
        3044     0.250000        False     0.250000
        3182     0.250000        False     0.250000
        4813     0.250000        False     0.250000
        5098     0.251000        False     0.251000
        4920     0.252000        False     0.252000
        5166     0.252000        False     0.252000
        5165     0.253000        False     0.253000
        5171     0.254196        False     0.254196
        5099     0.256000        False     0.256000
        2857     0.260000        False     0.260000
        2883     0.260000        False     0.260000
        2884     0.260000        False     0.260000
        2698     0.260000        False     0.260000
        2723     0.260000        False     0.260000
        3264     0.260000        False     0.260000
        2978     0.260000        False     0.260000
        2982     0.260000        False     0.260000
        3112     0.260000        False     0.260000
        3172     0.260000        False     0.260000
        3401     0.260000        False     0.260000
        3406     0.260000        False     0.260000
        3432     0.260000        False     0.260000
        4024     0.260000        False     0.260000
        4110     0.260000        False     0.260000
        4135     0.260000        False     0.260000
        4604     0.260000        False     0.260000
        4815     0.260000        False     0.260000
        5101     0.261926        False     0.261926
        3767     0.263000        False     0.263000
        4753     0.265024        False     0.265024
        2888     0.270000        False     0.270000
        2732     0.270000        False     0.270000
        2816     0.270000        False     0.270000
        2964     0.270000        False     0.270000
        2971     0.270000        False     0.270000
        3158     0.270000        False     0.270000
        3184     0.270000        False     0.270000
        3227     0.270000        False     0.270000
        3230     0.270000        False     0.270000
        4189     0.270000        False     0.270000
        4981     0.270000        False     0.270000
        4982     0.270000        False     0.270000
        4618     0.270000        False     0.270000
        4619     0.270000        False     0.270000
        4432     0.270757        False     0.270757
        5159     0.273000        False     0.273000
        5280     0.278000        False     0.278000
        2853     0.280000        False     0.280000
        2865     0.280000        False     0.280000
        2799     0.280000        False     0.280000
        3265     0.280000        False     0.280000
        3394     0.280000        False     0.280000
        3033     0.280000        False     0.280000
        3139     0.280000        False     0.280000
        3176     0.280000        False     0.280000
        3407     0.280000        False     0.280000
        4073     0.280000        False     0.280000
        5047     0.280000        False     0.280000
        5066     0.281000        False     0.281000
        4698     0.282539        False     0.282539
        5100     0.284000        False     0.284000
        2880     0.290000        False     0.290000
        2687     0.290000        False     0.290000
        3278     0.290000        False     0.290000
        3208     0.290000        False     0.290000
        3231     0.290000        False     0.290000
        4078     0.290000        False     0.290000
        4883     0.293000        False     0.293000
        2675     0.300000        False     0.300000
        2835     0.300000        False     0.300000
        3303     0.300000        False     0.300000
        3386     0.300000        False     0.300000
        3403     0.300000        False     0.300000
        3414     0.300000        False     0.300000
        3442     0.300000        False     0.300000
        5036     0.300000        False     0.300000
        2935     0.310000        False     0.310000
        3195     0.310000        False     0.310000
        4977     0.310000        False     0.310000
        5096     0.314214        False     0.314214
        5299     0.315000        False     0.315000
        5164     0.318000        False     0.318000
        4835     0.318729        False     0.318729
        3254     0.320000        False     0.320000
        3008     0.320000        False     0.320000
        3202     0.320000        False     0.320000
        3218     0.320000        False     0.320000
        4357     0.322000        False     0.322000
        2914     0.330000        False     0.330000
        2678     0.330000        False     0.330000
        3388     0.330000        False     0.330000
        3390     0.330000        False     0.330000
        2949     0.330000        False     0.330000
        3092     0.330000        False     0.330000
        3404     0.330000        False     0.330000
        4606     0.330000        False     0.330000
        4679     0.335080        False     0.335080
        2905     0.340000        False     0.340000
        2906     0.340000        False     0.340000
        3305     0.340000        False     0.340000
        3347     0.340000        False     0.340000
        3387     0.340000        False     0.340000
        2967     0.340000        False     0.340000
        2974     0.340000        False     0.340000
        4603     0.340000        False     0.340000
        5267     0.340000        False     0.340000
        3391     0.350000        False     0.350000
        2953     0.350000        False     0.350000
        3426     0.350000        False     0.350000
        3345     0.360000        False     0.360000
        4191     0.360000        False     0.360000
        5157     0.362000        False     0.362000
        4660     0.366929        False     0.366929
        5181     0.369000        False     0.369000
        2845     0.370000        False     0.370000
        2891     0.370000        False     0.370000
        2933     0.370000        False     0.370000
        3192     0.370000        False     0.370000
        4976     0.370000        False     0.370000
        2851     0.380000        False     0.380000
        2902     0.380000        False     0.380000
        2747     0.380000        False     0.380000
        3269     0.380000        False     0.380000
        3436     0.380000        False     0.380000
        5167     0.383000        False     0.383000
        4708     0.389077        False     0.389077
        2911     0.390000        False     0.390000
        2803     0.390000        False     0.390000
        2972     0.390000        False     0.390000
        3232     0.390000        False     0.390000
        2749     0.392277        False     0.392277
        5160     0.393000        False     0.393000
        5175     0.394438        False     0.394438
        5298     0.399000        False     0.399000
        2877     0.400000        False     0.400000
        2931     0.400000        False     0.400000
        3383     0.400000        False     0.400000
        3035     0.400000        False     0.400000
        3133     0.400000        False     0.400000
        4824     0.400000        False     0.400000
        5174     0.406169        False     0.406169
        5051     0.407000        False     0.407000
        4356     0.409000        False     0.409000
        2913     0.410000        False     0.410000
        2672     0.410000        False     0.410000
        2706     0.410000        False     0.410000
        3300     0.410000        False     0.410000
        3385     0.410000        False     0.410000
        3142     0.410000        False     0.410000
        3402     0.410000        False     0.410000
        4599     0.410000        False     0.410000
        5297     0.410000        False     0.410000
        5173     0.415541        False     0.415541
        2936     0.420000        False     0.420000
        2685     0.420000        False     0.420000
        2808     0.420000        False     0.420000
        3333     0.420000        False     0.420000
        3114     0.420000        False     0.420000
        5004     0.420000        False     0.420000
        2895     0.430000        False     0.430000
        2924     0.430000        False     0.430000
        2926     0.430000        False     0.430000
        2682     0.430000        False     0.430000
        3210     0.430000        False     0.430000
        4609     0.430000        False     0.430000
        4610     0.430000        False     0.430000
        5277     0.438000        False     0.438000
        3296     0.440000        False     0.440000
        3059     0.440000        False     0.440000
        5090     0.443180        False     0.443180
        4847     0.447515        False     0.447515
        2846     0.450000        False     0.450000
        2894     0.450000        False     0.450000
        2699     0.450000        False     0.450000
        2812     0.450000        False     0.450000
        3177     0.450000        False     0.450000
        3750     0.458000        False     0.458000
        2676     0.460000        False     0.460000
        2709     0.460000        False     0.460000
        3405     0.460000        False     0.460000
        4715     0.468294        False     0.468294
        2863     0.470000        False     0.470000
        3276     0.470000        False     0.470000
        3393     0.470000        False     0.470000
        3429     0.470000        False     0.470000
        5082     0.478000        False     0.478000
        2680     0.480000        False     0.480000
        2819     0.480000        False     0.480000
        3178     0.480000        False     0.480000
        3389     0.490000        False     0.490000
        2873     0.500000        False     0.500000
        4419     0.505447        False     0.505447
        4904     0.508000        False     0.508000
        3334     0.510000        False     0.510000
        3046     0.510000        False     0.510000
        4710     0.522295        False     0.522295
        3373     0.530000        False     0.530000
        4622     0.530000        False     0.530000
        4623     0.530000        False     0.530000
        5102     0.536000        False     0.536000
        3270     0.540000        False     0.540000
        2955     0.540000        False     0.540000
        2903     0.550000        False     0.550000
        2912     0.550000        False     0.550000
        2867     0.560000        False     0.560000
        4133     0.560000        False     0.560000
        5087     0.565283        False     0.565283
        2876     0.570000        False     0.570000
        2711     0.570000        False     0.570000
        2800     0.570000        False     0.570000
        3211     0.570000        False     0.570000
        4025     0.570000        False     0.570000
        4978     0.570000        False     0.570000
        3179     0.580000        False     0.580000
        3180     0.580000        False     0.580000
        5084     0.580591        False     0.580591
        2811     0.590000        False     0.590000
        3335     0.590000        False     0.590000
        5169     0.594000        False     0.594000
        2872     0.600000        False     0.600000
        3292     0.600000        False     0.600000
        3430     0.600000        False     0.600000
        2942     0.620000        False     0.620000
        3444     0.630000        False     0.630000
        3877     0.630000        False     0.630000
        2694     0.640000        False     0.640000
        2950     0.640000        False     0.640000
        2958     0.640000        False     0.640000
        2890     0.650000        False     0.650000
        3173     0.650000        False     0.650000
        4979     0.650000        False     0.650000
        2909     0.660000        False     0.660000
        2689     0.660000        False     0.660000
        2707     0.660000        False     0.660000
        2765     0.660000        False     0.660000
        5083     0.663612        False     0.663612
        3272     0.670000        False     0.670000
        2946     0.670000        False     0.670000
        3438     0.670000        False     0.670000
        2683     0.680000        False     0.680000
        2690     0.680000        False     0.680000
        3273     0.680000        False     0.680000
        2956     0.680000        False     0.680000
        3441     0.680000        False     0.680000
        2904     0.700000        False     0.700000
        2937     0.700000        False     0.700000
        2778     0.710000        False     0.710000
        2713     0.730000        False     0.730000
        4381     0.734000        False     0.734000
        3408     0.750000        False     0.750000
        2753     0.753000        False     0.753000
        2760     0.760000        False     0.760000
        3307     0.760000        False     0.760000
        4190     0.760000        False     0.760000
        2885     0.770000        False     0.770000
        2693     0.770000        False     0.770000
        2671     0.800000        False     0.800000
        2697     0.820000        False     0.820000
        2930     0.840000        False     0.840000
        3175     0.850000        False     0.850000
        2695     0.860000        False     0.860000
        3422     0.900000        False     0.900000
        2673     0.920000        False     0.920000
        3279     0.920000        False     0.920000
        4658     0.928300        False     0.928300
        4987     0.940000        False     0.940000
        3266     0.950000        False     0.950000
        2907     0.960000        False     0.960000
        2940     0.960000        False     0.960000
        3352     0.960000        False     0.960000
        2928     0.980000        False     0.980000
        2889     1.000000        False     1.000000
        4057     1.010000        False     1.010000
        3271     1.020000        False     1.020000
        2970     1.020000        False     1.020000
        2882     1.030000        False     1.030000
        2681     1.040000        False     1.040000
        5024     1.040000        False     1.040000
        5095     1.042000        False     1.042000
        2688     1.050000        False     1.050000
        2871     1.070000        False     1.070000
        3428     1.070000        False     1.070000
        3323     1.080000        False     1.080000
        2929     1.090000        False     1.090000
        3318     1.170000        False     1.170000
        3312     1.180000        False     1.180000
        3196     1.190000        False     1.190000
        3351     1.200000        False     1.200000
        3193     1.210000        False     1.210000
        2712     1.220000        False     1.220000
        2679     1.240000        False     1.240000
        3194     1.240000        False     1.240000
        3174     1.250000        False     1.250000
        2874     1.270000        False     1.270000
        2943     1.270000        False     1.270000
        2947     1.300000        False     1.300000
        4988     1.320000        False     1.320000
        3186     1.330000        False     1.330000
        3420     1.330000        False     1.330000
        5288     1.340000        False     1.340000
        5301     1.355000        False     1.355000
        2868     1.370000        False     1.370000
        2692     1.430000        False     1.430000
        3289     1.430000        False     1.430000
        2954     1.460000        False     1.460000
        5300     1.481000        False     1.481000
        2875     1.520000        False     1.520000
        5021     1.530000        False     1.530000
        3822     1.540000        False     1.540000
        2944     1.570000        False     1.570000
        2669     1.590000        False     1.590000
        3187     1.600000        False     1.600000
        2948     1.650000        False     1.650000
        3183     1.680000        False     1.680000
        3274     1.720000        False     1.720000
        3268     1.770000        False     1.770000
        3309     1.770000        False     1.770000
        2691     1.790000        False     1.790000
        5029     1.810000        False     1.810000
        5168     1.820000        False     1.820000
        2666     1.830000        False     1.830000
        2934     1.870000        False     1.870000
        2667     1.920000        False     1.920000
        3326     1.960000        False     1.960000
        2959     1.960000        False     1.960000
        3311     2.110000        False     2.110000
        3423     2.240000        False     2.240000
        3308     2.360000        False     2.360000
        2665     2.440000        False     2.440000
        4986     2.460000        False     2.460000
        2963     2.690000        False     2.690000
        2664     2.760000        False     2.760000
        3310     2.760000        False     2.760000
        4980     2.820000        False     2.820000
        2901     2.860000        False     2.860000
        2663     2.960000        False     2.960000
        2918     3.000000        False     3.000000
        3313     3.100000        False     3.100000
        4975     3.280000        False     3.280000
        2932     3.670000        False     3.670000
        2900     3.720000        False     3.720000
        2910     3.760000        False     3.760000
        2668     4.280000        False     4.280000
        3267     4.300000        False     4.300000
        3319     4.440000        False     4.440000
        5022     4.450000        False     4.450000
        3314     4.500000        False     4.500000
        3324     4.510000        False     4.510000
        2670     4.620000        False     4.620000
        2919     4.940000        False     4.940000
        3321     5.090000        False     5.090000
        2710     5.500000        False     5.500000
        3189     5.800000        False     5.800000
        3191     6.130000        False     6.130000
        4983     6.560000        False     6.560000
        3325     7.920000        False     7.920000
        3316     8.310000        False     8.310000
        2705     8.360000        False     8.360000
        3437     9.560000        False     9.560000
        3320     9.930000        False     9.930000
        2881    12.300000        False    12.300000
        3315    16.000000        False    16.000000
