ALL_HUCS
4
X
Y
Z
interp_LN_HG
2.27522e+006 648245 0 0.123395 
2.3266e+006 691436 0 0.301346 
2.41096e+006 575766 0 0.556363 
2.28894e+006 502796 0 1.37051 
2.18104e+006 333083 0 0.503783 
2.17958e+006 275289 0 0.479811 
2.1569e+006 244064 0 0.520251 
2.1709e+006 220179 0 0.508079 
2.24774e+006 89828.6 0 0.467081 
2.24504e+006 14678.5 0 0.175515 
2.1949e+006 67573.1 0 0.416007 
2.20281e+006 28159.5 0 0.239554 
2.26675e+006 35757.5 0 0.149567 
2.28734e+006 -100.653 0 -0.039101 
2.236e+006 -26280 0 0.198644 
2.19292e+006 -65461.1 0 0.184759 
2.2418e+006 -51819.2 0 0.320797 
2.1087e+006 198173 0 0.656564 
2.12645e+006 228992 0 0.56011 
2.06292e+006 268430 0 0.350313 
2.11039e+006 321982 0 0.552727 
2.11361e+006 349771 0 0.635775 
2.13833e+006 -31746.2 0 0.0539211 
2.17208e+006 -98300.7 0 0.437862 
2.14429e+006 -142489 0 0.974297 
2.22644e+006 -81231.7 0 0.531812 
2.11649e+006 -335041 0 0.957616 
2.09876e+006 -350322 0 0.513832 
2.15935e+006 -237467 0 1.73072 
1.95824e+006 23133.6 0 0.408064 
1.93327e+006 -31868.1 0 0.443022 
1.85179e+006 -73009.9 0 0.958985 
1.87045e+006 -43401.6 0 0.779882 
1.79917e+006 -217706 0 1.12328 
1.79812e+006 -156246 0 1.3662 
1.84595e+006 -151242 0 0.950488 
1.85381e+006 -193870 0 0.867829 
1.85759e+006 -119807 0 0.872343 
1.9155e+006 -141692 0 0.584337 
1.92501e+006 -202564 0 0.195915 
1.82815e+006 -251658 0 0.784135 
1.82252e+006 -302968 0 0.552424 
1.8773e+006 -251394 0 0.657449 
1.93467e+006 -252427 0 0.363519 
1.98549e+006 -277902 0 0.359612 
2.04735e+006 -413700 0 0.357248 
1.98846e+006 -335515 0 0.282551 
2.01617e+006 -402250 0 0.341809 
2.06528e+006 -388779 0 0.174423 
1.99572e+006 -402916 0 0.437025 
2.07051e+006 -426173 0 0.550251 
2.13656e+006 -414704 0 1.21997 
1.79231e+006 -381416 0 0.342449 
1.83024e+006 -388060 0 0.443074 
1.87483e+006 -346232 0 0.528538 
1.8334e+006 -503663 0 0.385435 
1.83734e+006 -453534 0 0.445598 
1.88506e+006 -404108 0 0.48702 
1.92225e+006 -392345 0 0.566398 
1.93177e+006 -335485 0 0.41136 
1.99896e+006 -463796 0 0.655586 
2.09179e+006 -535422 0 1.26407 
2.05646e+006 -553410 0 1.08108 
1.89628e+006 -471472 0 0.530891 
2.00887e+006 -501930 0 0.755918 
1.97594e+006 -512465 0 0.6556 
1.94826e+006 -528679 0 0.545331 
2.04926e+006 -560439 0 1.04761 
2.07796e+006 -588213 0 1.30551 
2.11314e+006 -511415 0 1.33766 
2.11992e+006 -513972 0 1.36398 
1.75984e+006 -586105 0 0.305455 
1.79661e+006 -563424 0 0.298896 
1.85072e+006 -582061 0 0.281003 
1.87278e+006 -528774 0 0.394494 
1.92254e+006 -566720 0 0.378524 
2.01841e+006 -576252 0 0.830757 
1.92948e+006 -601509 0 0.294221 
2.08085e+006 -614371 0 1.42778 
1.78625e+006 -655023 0 0.251376 
1.78065e+006 -725977 0 0.426378 
1.85718e+006 -713061 0 0.310034 
1.84209e+006 -678890 0 0.203782 
1.94587e+006 -682139 0 0.379645 
2.04236e+006 -716951 0 1.15658 
2.03267e+006 -613702 0 1.02066 
1.97792e+006 -663738 0 0.507472 
2.11775e+006 -677751 0 1.58886 
1.94926e+006 -736671 0 0.534527 
1.97795e+006 -713504 0 0.595481 
2.09656e+006 -766495 0 1.06252 
2.14453e+006 -761785 0 1.23163 
2.06944e+006 -846377 0 0.869705 
2.03666e+006 -807416 0 0.690403 
2.08198e+006 -826416 0 0.877621 
2.05145e+006 -875303 0 0.808491 
1.84687e+006 -773316 0 0.525136 
1.84221e+006 -817990 0 0.608262 
1.89994e+006 -846302 0 0.701361 
1.98106e+006 -922607 0 0.826655 
1.96582e+006 -871346 0 0.712515 
2.01568e+006 -877607 0 0.765789 
1.71886e+006 -779650 0 0.51037 
1.72428e+006 -817658 0 0.521022 
1.7875e+006 -824833 0 0.559602 
1.81623e+006 -874421 0 0.70141 
1.77092e+006 -881059 0 0.64861 
1.85301e+006 -953687 0 0.859118 
1.82599e+006 -978955 0 0.892126 
1.90361e+006 -911601 0 0.759744 
1.89671e+006 -953695 0 0.873439 
1.8512e+006 -1.0301e+006 0 1.09042 
1.95676e+006 -968678 0 0.885308 
1.98552e+006 -978772 0 0.937233 
1.63251e+006 -854714 0 0.47533 
1.68729e+006 -867862 0 0.455208 
1.74137e+006 -931001 0 0.604958 
1.77208e+006 -996089 0 0.807949 
1.65086e+006 -908204 0 0.394383 
1.71594e+006 -982737 0 0.507044 
1.65128e+006 -956392 0 0.269337 
1.65405e+006 -978391 0 0.184767 
1.76214e+006 -1.04047e+006 0 0.980595 
1.81487e+006 -1.06436e+006 0 1.20634 
1.88359e+006 -1.07403e+006 0 1.13006 
1.87073e+006 -1.10231e+006 0 1.23052 
1.85305e+006 -1.13581e+006 0 1.28358 
1.76306e+006 -1.12734e+006 0 1.35141 
1.79864e+006 -1.17733e+006 0 1.33448 
1.5665e+006 -974182 0 0.553534 
1.53352e+006 -989685 0 0.719222 
1.60461e+006 -1.04033e+006 0 0.484508 
1.55318e+006 -1.05262e+006 0 0.751449 
1.60645e+006 -1.10003e+006 0 0.713794 
1.69277e+006 -1.11917e+006 0 0.98211 
1.65854e+006 -1.06332e+006 0 0.550782 
1.67237e+006 -1.14329e+006 0 0.971279 
1.76137e+006 -1.20389e+006 0 1.26772 
1.63755e+006 -1.15782e+006 0 0.920665 
1.72704e+006 -1.21114e+006 0 1.20231 
1.70827e+006 -1.23705e+006 0 1.14633 
1.77185e+006 -1.28146e+006 0 1.25798 
1.5345e+006 -1.11119e+006 0 0.875924 
1.59535e+006 -1.20921e+006 0 0.857966 
1.49705e+006 -1.15719e+006 0 0.886094 
1.57136e+006 -1.2723e+006 0 0.861116 
1.60643e+006 -1.26507e+006 0 0.969614 
1.70809e+006 -1.29405e+006 0 1.26435 
1.65391e+006 -1.22587e+006 0 1.04623 
1.67696e+006 -1.34805e+006 0 1.2773 
1.69138e+006 -1.3157e+006 0 1.25794 
1.76085e+006 -1.35574e+006 0 1.36868 
1.76078e+006 -1.41809e+006 0 1.4787 
1.75852e+006 -1.57681e+006 0 0.569713 
1.78369e+006 -1.4937e+006 0 0.876589 
1.83385e+006 -1.52803e+006 0 0.644257 
1.90157e+006 -1.62731e+006 0 0.453107 
1.93396e+006 -1.70622e+006 0 0.567209 
1.91867e+006 -1.76075e+006 0 0.47396 
1.87514e+006 -1.7884e+006 0 0.520393 
1.92114e+006 -1.79893e+006 0 0.254582 
2.00909e+006 -1.96926e+006 0 0.189926 
1.88266e+006 -1.90158e+006 0 0.193096 
1.85967e+006 -1.83685e+006 0 0.436535 
1.81594e+006 -1.7626e+006 0 0.758194 
1.78135e+006 -1.79516e+006 0 0.700346 
1.80411e+006 -1.84681e+006 0 0.558441 
1.75888e+006 -1.8024e+006 0 0.709833 
1.76123e+006 -1.76751e+006 0 0.754533 
1.76449e+006 -1.74833e+006 0 0.771432 
1.77902e+006 -1.72389e+006 0 0.783098 
1.75794e+006 -1.69447e+006 0 0.754288 
1.73609e+006 -1.7264e+006 0 0.785335 
1.71987e+006 -1.6656e+006 0 0.77217 
1.76016e+006 -1.6365e+006 0 0.644139 
1.6883e+006 -1.57181e+006 0 0.762411 
1.56842e+006 -1.46455e+006 0 1.046 
1.67076e+006 -1.41821e+006 0 1.26902 
1.57013e+006 -1.32409e+006 0 0.725916 
1.56527e+006 -1.37337e+006 0 0.576134 
1.6488e+006 -1.51285e+006 0 1.05879 
1.52957e+006 -1.48443e+006 0 1.15746 
1.53054e+006 -1.41088e+006 0 0.264835 
1.49307e+006 -1.48419e+006 0 1.15058 
1.41607e+006 -1.30117e+006 0 0.416982 
1.42739e+006 -1.40069e+006 0 0.248439 
1.46319e+006 -1.20653e+006 0 0.755588 
1.482e+006 -1.31013e+006 0 0.393515 
1.45158e+006 -1.51653e+006 0 1.53938 
1.41987e+006 -1.46881e+006 0 0.864813 
1.44931e+006 -1.5803e+006 0 1.69801 
1.40054e+006 -1.52245e+006 0 1.23245 
1.32142e+006 -1.50138e+006 0 0.889664 
1.30129e+006 -1.46068e+006 0 0.742005 
1.26131e+006 -1.47562e+006 0 0.754612 
1.26305e+006 -1.51885e+006 0 0.866406 
1.19887e+006 -1.49761e+006 0 0.768709 
1.21191e+006 -1.53538e+006 0 0.801432 
1.37407e+006 -1.3957e+006 0 0.472481 
1.34411e+006 -1.38942e+006 0 0.518974 
1.37026e+006 -1.4727e+006 0 0.836779 
1.31662e+006 -1.37543e+006 0 0.536027 
1.3018e+006 -1.36637e+006 0 0.528318 
1.268e+006 -1.38778e+006 0 0.5708 
1.24042e+006 -1.43206e+006 0 0.647719 
1.21821e+006 -1.46659e+006 0 0.701955 
1.38913e+006 -1.00338e+006 0 0.90835 
1.41456e+006 -1.0302e+006 0 1.06419 
1.36948e+006 -1.05055e+006 0 1.22003 
1.41944e+006 -1.06938e+006 0 1.16212 
1.2957e+006 -1.14298e+006 0 1.00536 
1.27777e+006 -1.22963e+006 0 0.466561 
1.36277e+006 -1.14963e+006 0 1.06073 
1.33809e+006 -1.22078e+006 0 0.668271 
1.34257e+006 -1.28535e+006 0 0.475188 
1.26753e+006 -1.30072e+006 0 0.396244 
1.21197e+006 -1.34277e+006 0 0.540074 
1.06927e+006 -1.12621e+006 0 0.624249 
1.03858e+006 -1.12555e+006 0 0.610229 
1.10666e+006 -1.14031e+006 0 0.650774 
1.03706e+006 -1.18621e+006 0 0.64348 
1.10773e+006 -1.1789e+006 0 0.62737 
1.10947e+006 -1.24219e+006 0 0.648324 
1.137e+006 -1.19524e+006 0 0.583263 
1.06243e+006 -1.25235e+006 0 0.707325 
1.22982e+006 -1.10768e+006 0 0.999434 
1.18144e+006 -1.11533e+006 0 0.821511 
1.239e+006 -1.14189e+006 0 0.842099 
1.17785e+006 -1.19815e+006 0 0.489898 
1.16345e+006 -1.26515e+006 0 0.513439 
1.08936e+006 -1.30465e+006 0 0.811347 
1.16603e+006 -1.5337e+006 0 0.798839 
1.04826e+006 -1.32817e+006 0 0.794702 
1.07541e+006 -1.37839e+006 0 0.827787 
1.09058e+006 -1.4497e+006 0 0.776481 
1.00205e+006 -1.40479e+006 0 0.697024 
1.04872e+006 -1.42708e+006 0 0.766054 
1.09835e+006 -1.53902e+006 0 0.740722 
1.04081e+006 -1.48968e+006 0 0.654431 
1.11814e+006 -1.48884e+006 0 0.775536 
1.0486e+006 -1.54045e+006 0 0.701813 
1.00771e+006 -1.28903e+006 0 0.679644 
954091 -1.36404e+006 0 0.652543 
947969 -1.43284e+006 0 0.613012 
987313 -1.51168e+006 0 0.593911 
937985 -1.48581e+006 0 0.554057 
630349 269811 0 0.136983 
715287 197355 0 0.430963 
991054 234370 0 -0.0300251 
1.12022e+006 257186 0 -0.413929 
1.16945e+006 267543 0 -0.52976 
1.0097e+006 316887 0 -0.0429668 
989319 55019.9 0 -0.36736 
934175 28698.8 0 -0.193562 
876378 191842 0 0.0851696 
968151 162313 0 0.174814 
1.03103e+006 188649 0 -0.0689644 
939502 -4642.72 0 -0.435917 
1.24442e+006 -95969 0 -0.633715 
1.14656e+006 36319.3 0 -0.994275 
1.05905e+006 230587 0 -0.197901 
1.09755e+006 215007 0 -0.392435 
1.05697e+006 -26085.1 0 -0.597488 
1.20283e+006 252390 0 -0.644232 
1.17848e+006 237117 0 -0.622384 
1.28465e+006 158509 0 -0.89288 
1.22607e+006 151765 0 -0.923913 
1.27969e+006 45826.9 0 -1.03082 
1.27466e+006 -5431.55 0 -1.1774 
1.33501e+006 -4460.04 0 -0.811106 
1.38414e+006 -1530.82 0 -0.646309 
1.32913e+006 -79040.3 0 -0.611675 
1.34774e+006 -33774.8 0 -0.679976 
1.29775e+006 -40916.3 0 -0.908503 
1.32431e+006 113963 0 -0.875999 
1.39098e+006 -62064.5 0 -0.450681 
1.39271e+006 -137372 0 -0.120259 
1.36635e+006 -152914 0 -0.361935 
1.35435e+006 -209451 0 -0.446446 
1.2837e+006 -357474 0 1.49222 
1.29328e+006 -254155 0 0.297978 
1.31057e+006 -331818 0 1.28609 
1.35971e+006 -317004 0 0.625187 
1.33331e+006 -269726 0 0.322944 
1.37544e+006 -262866 0 0.317087 
1.41216e+006 -291460 0 0.611279 
1.45427e+006 -271038 0 0.72664 
1.49544e+006 -251846 0 1.04132 
1.54137e+006 -205234 0 0.982451 
1.64235e+006 -118759 0 0.86141 
1.73424e+006 -53809.6 0 1.14801 
1.7265e+006 -26226.6 0 1.03175 
1.72936e+006 4786.24 0 0.882278 
1.53741e+006 -159495 0 0.641935 
1.74162e+006 37584.6 0 0.724731 
1.79384e+006 -48850.1 0 0.999565 
1.79086e+006 12065.6 0 0.763815 
1.84067e+006 62287.5 0 0.321197 
1.90904e+006 133435 0 0.469045 
1.87608e+006 22339.2 0 0.381551 
1.93663e+006 90343.1 0 0.472123 
1.8878e+006 87749.6 0 0.413598 
1.88906e+006 177983 0 0.402855 
1.79847e+006 89410.7 0 0.761113 
1.91086e+006 243559 0 0.0650613 
1.92439e+006 193724 0 0.44837 
1.98571e+006 275336 0 -0.242867 
1.75179e+006 -106918 0 1.42722 
1.70115e+006 -96696.9 0 1.20588 
1.69333e+006 -172302 0 1.33734 
1.64992e+006 -156236 0 0.907807 
1.73416e+006 -230385 0 1.01081 
1.76935e+006 -289298 0 0.481009 
1.73265e+006 -295129 0 0.242877 
1.719e+006 -460076 0 0.404054 
1.68422e+006 -444613 0 0.473033 
1.69698e+006 -399475 0 0.414322 
1.7446e+006 -431016 0 0.363969 
1.63714e+006 -300784 0 0.436209 
1.62518e+006 -212352 0 0.652018 
1.59244e+006 -245639 0 0.838099 
1.64341e+006 -266999 0 0.41038 
1.66728e+006 -248482 0 0.36279 
1.63503e+006 -364446 0 0.531176 
1.62088e+006 -420783 0 0.619943 
1.56297e+006 -491057 0 0.659979 
1.63376e+006 -482888 0 0.565106 
1.5153e+006 -443423 0 0.785128 
1.56118e+006 -312309 0 0.899995 
1.47889e+006 -312640 0 0.86088 
1.5188e+006 -325318 0 0.927295 
1.53869e+006 -406894 0 0.697739 
1.56674e+006 -378164 0 0.686768 
1.48656e+006 -385684 0 0.747513 
1.68967e+006 -725206 0 0.39982 
1.67955e+006 -660029 0 0.321926 
1.72389e+006 -569677 0 0.489202 
1.66015e+006 -605002 0 0.510375 
1.68204e+006 -559316 0 0.523953 
1.6235e+006 -582650 0 0.505257 
1.66087e+006 -529506 0 0.525736 
1.58012e+006 -539920 0 0.535977 
1.60279e+006 -600670 0 0.550225 
1.42627e+006 -382695 0 0.758162 
1.4529e+006 -524700 0 0.84133 
1.42011e+006 -476280 0 0.721141 
1.61114e+006 -638602 0 0.311959 
1.56005e+006 -587939 0 0.541127 
1.57898e+006 -655648 0 0.406056 
1.5643e+006 -699514 0 0.43405 
1.51908e+006 -660619 0 0.438452 
1.50687e+006 -608761 0 0.566627 
1.5211e+006 -518000 0 0.681173 
1.53939e+006 -600623 0 0.649477 
1.48507e+006 -553963 0 0.757471 
1.48552e+006 -596265 0 0.652454 
1.41163e+006 -550419 0 0.708579 
1.30282e+006 -544864 0 0.528897 
1.41838e+006 -609764 0 0.762632 
1.37382e+006 -616010 0 0.740066 
1.48763e+006 -699792 0 0.547624 
1.46996e+006 -722453 0 0.548585 
1.44478e+006 -726261 0 0.707454 
1.42069e+006 -674594 0 0.660588 
1.34267e+006 -646357 0 0.779477 
1.26977e+006 -748582 0 0.545732 
1.23114e+006 -808239 0 0.586031 
1.16174e+006 -780972 0 0.633383 
1.18836e+006 -731227 0 0.738547 
1.12354e+006 -730235 0 0.811691 
1.12382e+006 -780028 0 0.649816 
1.23945e+006 -382038 0 1.20187 
1.14402e+006 -391695 0 0.411707 
1.06165e+006 -668041 0 0.627402 
1.23667e+006 -498834 0 0.191568 
1.4374e+006 -775401 0 0.610633 
1.39981e+006 -726369 0 0.633307 
1.33776e+006 -774325 0 0.608692 
1.37676e+006 -821860 0 0.565087 
1.32884e+006 -832307 0 0.598869 
1.29115e+006 -850709 0 0.560711 
1.28847e+006 -936459 0 0.482868 
1.30153e+006 -897300 0 0.464645 
1.23239e+006 -863412 0 0.569368 
1.18214e+006 -883131 0 0.553882 
1.23095e+006 -910827 0 0.566017 
1.17313e+006 -911980 0 0.535627 
1.09566e+006 -840588 0 0.589568 
1.15662e+006 -839957 0 0.584067 
1.25836e+006 -613382 0 0.768455 
1.27981e+006 -659905 0 0.749139 
1.29275e+006 -699519 0 0.648424 
1.1464e+006 -688904 0 0.989245 
1.08575e+006 -705332 0 0.748736 
1.0834e+006 -775748 0 0.603838 
987471 -797735 0 0.233492 
1.6011e+006 -737793 0 0.496838 
1.60601e+006 -758093 0 0.504151 
1.60845e+006 -794186 0 0.518573 
1.49917e+006 -818657 0 0.644719 
1.56655e+006 -883795 0 0.545481 
1.53383e+006 -888389 0 0.646841 
1.48876e+006 -868481 0 0.624972 
1.56447e+006 -827516 0 0.540703 
1.41934e+006 -893697 0 0.639045 
1.50066e+006 -939967 0 0.71648 
1.52013e+006 -915888 0 0.673887 
1.44473e+006 -922794 0 0.661458 
1.53594e+006 -762184 0 0.526248 
1.48752e+006 -780355 0 0.596535 
1.42611e+006 -858828 0 0.586221 
1.36898e+006 -872258 0 0.521684 
1.35004e+006 -977676 0 0.632985 
1.43099e+006 -960687 0 0.766291 
1.43099e+006 -989771 0 0.878783 
1.28783e+006 -1.04048e+006 0 1.11163 
1.24348e+006 -985736 0 0.799198 
1.178e+006 -1.00623e+006 0 0.757262 
1.12686e+006 -1.04419e+006 0 0.658849 
1.11099e+006 -1.08566e+006 0 0.671119 
1.07865e+006 -989115 0 0.511063 
1.22296e+006 -955296 0 0.65289 
1.14282e+006 -939175 0 0.473055 
1.07089e+006 -893030 0 0.530193 
1.03326e+006 -838330 0 0.490438 
448426 110574 0 -1.26565 
405705 85230.4 0 -1.07529 
500951 111218 0 -0.433715 
261667 44098.9 0 1.03433 
291828 -13479.4 0 0.859743 
311913 -80454.6 0 0.68394 
436434 -58628.2 0 0.8242 
375577 -72662.8 0 0.820948 
465724 -134964 0 0.841709 
427725 -100234 0 0.850462 
585339 -12654.7 0 -0.239296 
656481 -47867.6 0 0.0834481 
589731 -66645.7 0 0.0726419 
691938 -37990.5 0 -0.0126137 
721607 -80664.4 0 -0.287908 
739930 -11001.3 0 -0.212437 
640523 -107215 0 0.0952103 
736154 92813.2 0 -0.141606 
711434 17862.7 0 0.130569 
710507 -138891 0 -0.192064 
655590 -142864 0 0.0702824 
752037 -205278 0 -0.256791 
671519 -190496 0 0.015191 
738421 -259312 0 -0.0702593 
800139 -108970 0 -0.763171 
796914 -147122 0 -0.635089 
748716 -120225 0 -0.443455 
780167 -338627 0 0.0841686 
651643 -220928 0 0.0817534 
763074 -307479 0 0.0686538 
557288 -325786 0 0.757351 
615463 -354540 0 0.558923 
688322 -402735 0 0.456385 
580747 -153713 0 0.396264 
565470 -177417 0 0.472078 
530979 -168106 0 0.633806 
560675 -219591 0 0.442984 
630466 -269931 0 0.271196 
726478 -323908 0 0.0587083 
540878 -246551 0 0.472356 
627975 -313084 0 0.319443 
686371 -355659 0 0.224637 
891556 -124725 0 -0.51959 
834541 -215526 0 -0.42539 
858693 -195093 0 -0.606569 
859441 -289079 0 -0.0612049 
854833 -332606 0 0.397 
358043 -112935 0 0.743968 
433388 -193815 0 0.867908 
505654 -329466 0 0.898569 
500553 -229726 0 0.749086 
444954 -286996 0 0.936211 
453589 -340638 0 0.930359 
527057 -387004 0 0.893612 
632945 -421038 0 0.734245 
703829 -479973 0 1.17046 
667071 -484958 0 1.0646 
680299 -514561 0 1.26152 
757259 -562475 0 1.32288 
664868 -538992 0 1.20847 
678133 -589341 0 1.23384 
730492 -576316 0 1.35172 
760173 -618943 0 1.0213 
828990 -630408 0 0.970757 
1.02168e+006 -285597 0 0.97857 
967148 -348284 0 0.117331 
955904 -389375 0 -0.22537 
862889 -504903 0 0.143596 
920321 -471124 0 -0.46954 
857681 -584349 0 0.753159 
775670 -738720 0 0.709136 
753720 -712514 0 0.90856 
817713 -732438 0 0.493356 
886542 -796707 0 0.0584789 
958074 -795420 0 0.0663643 
901865 -1.01434e+006 0 0.554274 
996020 -852869 0 0.389704 
984653 -897107 0 0.485146 
1.02267e+006 -918767 0 0.573969 
994759 -946986 0 0.648044 
1.00492e+006 -977078 0 0.717736 
946959 -942266 0 0.598198 
1.03472e+006 -1.04923e+006 0 0.608491 
944875 -1.01832e+006 0 0.61818 
920539 -1.05412e+006 0 0.531257 
855865 -1.13588e+006 0 0.573633 
945919 -846691 0 0.255288 
843075 -796136 0 0.328625 
871319 -1.049e+006 0 0.580725 
906055 -896593 0 0.407782 
834769 -1.03743e+006 0 0.50813 
754575 -1.0709e+006 0 0.69332 
822158 -993287 0 0.470292 
811508 -1.1351e+006 0 0.510189 
831010 -1.10123e+006 0 0.549979 
770377 -1.1525e+006 0 0.599837 
757626 -1.11972e+006 0 0.57871 
832618 -1.2745e+006 0 0.616421 
983675 -1.10195e+006 0 0.538471 
908926 -1.15824e+006 0 0.524498 
961048 -1.13962e+006 0 0.569321 
918542 -1.0923e+006 0 0.519707 
965424 -1.18272e+006 0 0.607024 
915251 -1.26408e+006 0 0.644147 
871461 -1.22607e+006 0 0.671818 
872164 -1.34015e+006 0 0.610492 
847529 -1.2847e+006 0 0.615332 
596737 -1.13441e+006 0 0.803771 
647109 -1.18369e+006 0 0.903699 
607992 -1.20221e+006 0 0.935241 
686504 -1.24357e+006 0 0.884968 
729648 -1.29905e+006 0 0.832633 
685003 -1.14521e+006 0 0.740556 
741988 -1.22908e+006 0 0.821873 
772184 -1.23596e+006 0 0.752408 
684856 -1.322e+006 0 0.810387 
740247 -1.37719e+006 0 0.799275 
766760 -1.48865e+006 0 0.586073 
728890 -1.40139e+006 0 0.779901 
693387 -1.39707e+006 0 0.834691 
741577 -1.45221e+006 0 0.713093 
784600 -1.46707e+006 0 0.583737 
800706 -1.46048e+006 0 0.584132 
785008 -1.3234e+006 0 0.774938 
816186 -1.31718e+006 0 0.616471 
823518 -1.379e+006 0 0.592285 
844864 -1.38963e+006 0 0.582839 
975389 -1.24071e+006 0 0.62306 
910982 -1.33729e+006 0 0.62523 
887025 -1.4058e+006 0 0.582429 
840536 -1.43606e+006 0 0.546018 
864655 -1.45738e+006 0 0.52498 
836423 -1.49274e+006 0 0.509008 
848378 -1.56659e+006 0 0.368448 
836525 -1.52483e+006 0 0.436285 
877948 -1.53203e+006 0 0.428085 
906319 -1.54265e+006 0 0.45198 
910004 -1.59281e+006 0 0.398322 
922997 -1.51968e+006 0 0.498 
834589 -1.57733e+006 0 0.331426 
818327 -1.59294e+006 0 0.289737 
763925 -1.5541e+006 0 0.281591 
783287 -1.63123e+006 0 0.290674 
638509 -1.58731e+006 0 1.24063 
645262 -1.64031e+006 0 1.04632 
1.06162e+006 -1.69869e+006 0 0.662112 
964142 -1.55508e+006 0 0.518673 
960111 -1.59087e+006 0 0.478464 
1.00241e+006 -1.62266e+006 0 0.579656 
950748 -1.64927e+006 0 0.420987 
-201822 425760 0 1.53237 
-46489.3 330623 0 1.32428 
-3877.63 401565 0 1.11658 
-85798.1 393196 0 1.51985 
262885 109998 0 0.599454 
291946 92716.7 0 0.507178 
256710 185875 0 0.863635 
207699 134226 0 0.816259 
180090 292937 0 0.643662 
79269.6 371145 0 0.841649 
8012.62 320198 0 1.25634 
123924 283047 0 0.660789 
145061 206044 0 0.794889 
187382 211015 0 0.903153 
391599 347352 0 -0.129309 
324682 313494 0 0.677014 
234251 342722 0 0.79926 
184514 337099 0 0.636987 
168744 362081 0 0.538526 
252595 368977 0 0.786535 
166159 394345 0 0.470574 
225088 409675 0 0.583248 
257299 424023 0 0.592369 
112816 430577 0 0.793264 
309155 429619 0 0.662858 
560414 356156 0 0.144943 
442778 403412 0 0.215409 
515720 350448 0 -0.0458519 
393916 398234 0 0.249382 
386440 419644 0 0.374242 
362449 449071 0 0.501062 
-988140 508308 0 -0.47465 
-998622 50933.7 0 0.995159 
-992232 96950.5 0 1.02253 
-947493 90925.4 0 0.950078 
-1.02362e+006 153260 0 1.22655 
-932946 159328 0 1.18971 
-935109 201838 0 1.29939 
-870308 114614 0 0.893166 
-892376 229433 0 1.03256 
-860487 331635 0 0.493699 
-848647 262403 0 0.813399 
-926512 358464 0 0.181296 
-816622 300526 0 0.654167 
-933467 483828 0 -0.550034 
-846171 431930 0 0.0763766 
-843849 466573 0 0.0310066 
-886629 387206 0 0.0818323 
-723935 361785 0 0.572547 
-770128 323234 0 0.605502 
-747045 277200 0 0.736055 
-573223 325639 0 1.08062 
-525396 277823 0 1.12168 
-488130 244257 0 1.43455 
-736745 201606 0 0.907146 
-624540 213110 0 1.08796 
-658125 243917 0 1.01127 
-664863 272619 0 0.781894 
-607713 280408 0 1.03536 
-952845 506987 0 -0.495297 
-742653 458028 0 0.609018 
-732036 484913 0 0.627829 
-649403 426611 0 0.746571 
-747422 412356 0 0.440514 
-777532 462550 0 0.489242 
-700623 471388 0 0.467445 
-674460 468154 0 0.681346 
-647836 389812 0 0.69664 
-614510 454370 0 0.815307 
-564948 455704 0 1.09222 
-509492 382328 0 1.15598 
-535189 443692 0 1.12441 
-575451 376390 0 0.840355 
-507304 442858 0 1.14303 
-471377 414497 0 1.11243 
-435318 360948 0 1.497 
-407672 298595 0 1.45273 
-400162 417363 0 1.52619 
-437800 430176 0 1.53759 
-337209 350064 0 1.47723 
-342799 409435 0 1.53118 
-295635 430337 0 1.45369 
-802322 119078 0 0.95158 
-820598 162663 0 0.922968 
-706876 126248 0 1.13884 
-759527 86324.2 0 1.11342 
-727377 48602.2 0 1.34243 
-634552 147123 0 1.17331 
-655155 93159.9 0 1.29624 
-752106 -133253 0 0.697955 
-735395 -178914 0 0.672676 
-717356 -212211 0 0.737927 
-642734 -200146 0 1.07988 
-671027 -156778 0 1.01617 
-618287 -156271 0 1.01697 
-667803 -89540.5 0 1.13066 
-596227 -81821.3 0 1.1274 
-716960 -55177.4 0 1.07759 
-689154 -25178.5 0 1.40688 
-772152 -12351.8 0 0.758344 
-761140 -46676.4 0 0.705847 
-597518 96882.5 0 1.24455 
-586108 50511.7 0 1.06338 
-467179 97328 0 1.30468 
-558752 -119583 0 1.13445 
-485670 -78060.5 0 1.39912 
-561249 -170565 0 1.12399 
-510078 -161809 0 1.33284 
-527199 -67783.1 0 1.18073 
-527627 -28951.2 0 0.982573 
-451439 28414.3 0 1.40903 
-422788 -5266.25 0 1.69941 
-394658 118254 0 1.62045 
-422841 103555 0 1.53631 
-506478 176259 0 1.27042 
-547220 209583 0 1.34805 
-522567 99490.9 0 1.12967 
-360990 161848 0 1.60686 
-263258 391032 0 1.50564 
-339747 60687.4 0 2.01214 
-347130 79659.5 0 1.91158 
-278229 196899 0 1.58191 
-306752 226009 0 1.50931 
-233474 288603 0 1.48084 
-455098 -156645 0 1.87645 
-447782 -181370 0 1.89537 
-394157 -139319 0 2.25529 
-369736 -200349 0 2.44703 
-414799 -201002 0 2.10969 
-340504 -119705 0 2.50658 
-313023 -218059 0 2.61602 
-269644 -101796 0 1.97799 
-185424 -16087.8 0 2.45703 
-402836 -76045.5 0 2.01362 
-322811 -53880.8 0 2.52583 
-67937.5 258961 0 1.36842 
-37518.3 105948 0 1.29322 
4153.2 207615 0 1.28013 
8609.14 141786 0 1.36027 
-38422.7 -12054.6 0 1.6425 
32010.7 80415 0 1.35463 
-170719 247169 0 1.4733 
-204756 204765 0 1.534 
-118174 193494 0 1.49057 
-180927 159985 0 1.5006 
-177128 129414 0 1.52667 
-84774 151466 0 1.44157 
-242210 115013 0 1.81119 
-240645 76912.4 0 1.99164 
-124915 79958.9 0 1.3255 
-271955 21516.6 0 2.49965 
-218768 34803.5 0 2.19306 
59127.1 -144293 0 1.22773 
-99924.1 -97191.9 0 2.22907 
16894.6 -41830.1 0 1.4123 
-4287.96 -115346 0 1.58267 
75572.4 -96216.9 0 1.23632 
-226721 -207199 0 1.55064 
-122846 -157409 0 1.77418 
-98831.4 -193564 0 1.43278 
-11588.8 -157136 0 1.46787 
81630.6 -221056 0 1.17244 
-320337 -263695 0 2.04563 
-207295 -276148 0 1.21577 
-34936.6 -255568 0 0.922976 
-121075 -266978 0 0.903615 
782.719 -215919 0 1.19765 
123841 -263880 0 1.23661 
52380.7 279020 0 1.10061 
59577.4 245787 0 1.09341 
127924 157154 0 0.773551 
97215.6 117822 0 0.914569 
159728 52717.7 0 0.780302 
143601 -42583.9 0 1.29423 
49933.4 38440.6 0 1.31067 
83924.2 27888.6 0 1.25947 
74905.6 -32431.2 0 1.29221 
197877 47755.6 0 0.846953 
167151 -149121 0 0.983128 
192562 -239929 0 1.01079 
228712 -169233 0 0.999862 
208226 -66296.4 0 0.846952 
205430 -22562.9 0 0.848569 
245286 -36906 0 0.799544 
272603 -155560 0 0.962558 
318697 -152742 0 0.870631 
-534005 -465120 0 0.253703 
-567342 -374863 0 0.644754 
-563396 -290964 0 0.766072 
-518019 -334141 0 0.977891 
-502990 -290907 0 1.22072 
-645235 -247701 0 0.754299 
-515229 -225707 0 1.39855 
-422128 -260772 0 1.61604 
-282077 -340691 0 1.26032 
-489797 -398226 0 0.504146 
-433407 -326960 0 1.08183 
-379607 -364981 0 1.03383 
-301710 -376201 0 0.993934 
-129891 -397070 0 0.260812 
-498242 -638115 0 0.356062 
-452721 -608205 0 0.783958 
-390191 -548852 0 0.577537 
-407931 -450086 0 0.428346 
-386616 -443682 0 0.516895 
-375249 -585016 0 0.66616 
-354514 -592702 0 0.660333 
-284169 -489731 0 0.587979 
-308015 -569366 0 0.56476 
-319192 -467896 0 0.588915 
-381063 -406086 0 0.774817 
-281030 -412422 0 0.745532 
-307346 -429903 0 0.712721 
5883.2 -451384 0 1.04331 
79103.4 -465807 0 1.26362 
163534 -426341 0 1.38671 
221719 -380919 0 1.23653 
308259 -416042 0 1.4669 
-112360 -323054 0 0.485006 
14272 -414383 0 1.06787 
35392.6 -400468 0 1.22381 
93074.6 -380307 0 1.45764 
184197 -386652 0 1.32085 
110456 -304780 0 1.26636 
196100 -299712 0 1.08003 
255444 -305722 0 0.972899 
318667 -317539 0 1.01501 
323770 -218789 0 0.962039 
372081 -207999 0 0.907726 
324955 -275375 0 0.986128 
368075 -276507 0 0.98976 
342432 -388978 0 1.255 
376933 -321934 0 1.08343 
349616 -442902 0 1.35566 
388703 -391011 0 1.20749 
413849 -393662 0 1.0515 
370216 -477115 0 1.27999 
397852 -512345 0 1.19803 
327740 -483639 0 1.37603 
334584 -548163 0 1.2194 
344103 -523495 0 1.27102 
434426 -414097 0 1.11551 
430015 -482046 0 1.19663 
433806 -592447 0 1.04593 
462438 -538368 0 1.1794 
442786 -486283 0 1.1862 
-245254 -586611 0 0.404624 
-219921 -531809 0 0.565804 
-212919 -609023 0 0.412095 
-88423.1 -527357 0 0.606623 
-164559 -495356 0 0.472385 
-152423 -469259 0 0.34703 
-81943.5 -480421 0 0.555101 
-49548.8 -477727 0 0.699871 
16839.8 -513332 0 0.984733 
-100552 -606804 0 0.641856 
-9120.6 -559528 0 0.730532 
-154485 -616516 0 0.430464 
-138827 -592285 0 0.42363 
-35434.4 -552658 0 0.672215 
-17813.3 -584241 0 0.692801 
117075 -541904 0 1.11313 
217093 -601712 0 1.10947 
-164872 -668535 0 0.414013 
-204614 -653581 0 0.410374 
-42946.9 -688774 0 0.693381 
-135787 -697413 0 0.457681 
-58428.6 -665248 0 0.685231 
98756.3 -696184 0 0.880009 
30210.7 -671099 0 0.84938 
230394 -685255 0 0.955607 
26443.5 -652229 0 0.860449 
159369 -665880 0 0.963023 
-51.9095 -602438 0 0.715099 
91611.4 -582673 0 1.02798 
-16185 -627495 0 0.669804 
87384.8 -622767 0 0.96331 
176384 -627265 0 1.03762 
285115 -658654 0 0.972172 
338781 -634728 0 0.972238 
377037 -599547 0 1.00266 
207164 -435033 0 1.42385 
268295 -504966 0 1.44435 
185865 -471286 0 1.38413 
226290 -496311 0 1.39693 
293674 -583542 0 1.15073 
157653 -513571 0 1.23757 
241666 -556686 0 1.21367 
498403 -521358 0 1.18962 
524733 -472028 0 1.09352 
577752 -532618 0 1.23856 
589389 -455174 0 1.01241 
615007 -544819 0 1.14038 
634439 -573962 0 1.18912 
389692 -705769 0 0.872693 
461124 -721863 0 0.949522 
460890 -761045 0 0.924095 
471287 -789508 0 0.919806 
539500 -757745 0 1.04686 
558244 -811740 0 0.95163 
593930 -785591 0 0.980306 
518188 -703502 0 1.13649 
625373 -735402 0 0.860709 
622367 -777346 0 0.748666 
679915 -719009 0 0.953103 
670315 -805179 0 0.831287 
708174 -805604 0 0.833421 
711229 -741272 0 0.898546 
662832 -655322 0 1.0827 
594114 -677562 0 1.10649 
559159 -651942 0 1.3193 
770712 -657232 0 0.863148 
567733 -954465 0 0.895796 
591921 -869093 0 0.965903 
638299 -910616 0 0.812877 
729660 -972752 0 0.6875 
641202 -977686 0 0.844295 
693629 -889093 0 0.76471 
824940 -836674 0 0.408192 
780641 -844678 0 0.503168 
807872 -904511 0 0.417654 
755805 -911925 0 0.543414 
766279 -879663 0 0.527313 
759722 -949326 0 0.447687 
792033 -1.00059e+006 0 0.461689 
713479 -1.01385e+006 0 0.777989 
-513647 -691907 0 0.332339 
-436555 -724502 0 0.526979 
-416144 -678622 0 0.626964 
-387060 -686338 0 0.645479 
-352817 -739189 0 0.361767 
-432127 -794215 0 0.486441 
-388254 -806889 0 0.294317 
-333862 -705561 0 0.384759 
-254076 -758107 0 0.33197 
-362266 -843574 0 0.284224 
-270101 -674489 0 0.368148 
-293270 -678960 0 0.382851 
-242843 -816069 0 0.317533 
-125871 -767118 0 0.416795 
-146665 -722840 0 0.419313 
-57147.3 -803956 0 0.714433 
54258.3 -782979 0 0.746868 
-7870.04 -755253 0 0.662261 
1869.18 -779316 0 0.645747 
-28677.2 -722458 0 0.683763 
57242.3 -725228 0 0.817711 
83833.3 -791125 0 0.750416 
165010 -772130 0 0.834433 
138661 -728719 0 0.866556 
206799 -752820 0 0.87798 
219920 -802784 0 0.834459 
152504 -792496 0 0.78623 
141960 -813805 0 0.752928 
219717 -829499 0 0.857783 
270441 -781943 0 0.868291 
277264 -827708 0 0.952979 
-308371 -885939 0 0.290193 
-203926 -881750 0 0.310455 
-165587 -850071 0 0.365055 
-214695 -846839 0 0.313391 
-182976 -818275 0 0.36952 
-89310.3 -873783 0 0.45496 
-45914.2 -843743 0 0.669291 
17699.8 -866493 0 0.568329 
85677.4 -927764 0 0.491226 
185039 -992031 0 0.846846 
278473 -986975 0 1.04598 
284582 -877559 0 1.00298 
89708.2 -877891 0 0.615214 
110197 -856838 0 0.658561 
186792 -905397 0 0.779931 
195613 -863391 0 0.812027 
270777 -943346 0 1.01172 
354377 -783352 0 0.933412 
334485 -800933 0 1.03633 
396752 -881804 0 1.04799 
345716 -835316 0 1.06698 
399318 -971435 0 1.06764 
344163 -887301 0 1.0524 
341889 -940633 0 1.0721 
325287 -709044 0 0.936582 
257505 -736214 0 0.902867 
301145 -730313 0 0.883753 
392609 -770944 0 0.980837 
433387 -834202 0 0.951278 
463322 -903479 0 0.975834 
506510 -853853 0 1.00363 
511905 -914382 0 0.905535 
442039 -947278 0 1.00333 
-412375 -905339 0 0.226031 
-449866 -928699 0 0.185044 
-412406 -988724 0 0.222353 
-458031 -997321 0 0.0832457 
-417823 -1.06038e+006 0 0.106013 
-344098 -1.05882e+006 0 0.30459 
-347604 -991945 0 0.261665 
-335658 -1.10007e+006 0 0.315013 
-265513 -1.06221e+006 0 0.292247 
-283834 -996525 0 0.2861 
-261150 -970200 0 0.293155 
-307481 -954103 0 0.279881 
-185019 -1.04992e+006 0 0.453762 
-85053.6 -1.02143e+006 0 0.649662 
72787.6 -1.01173e+006 0 0.539136 
243331 -1.09404e+006 0 1.0025 
277009 -1.08768e+006 0 1.07943 
396028 -1.09699e+006 0 1.08288 
-222708 -921917 0 0.304477 
-97393.6 -909187 0 0.425156 
-187995 -956107 0 0.348571 
-144415 -979138 0 0.340355 
-26612.6 -932674 0 0.587452 
-64362 -976017 0 0.669894 
7699.01 -965248 0 0.507075 
310517 -1.0317e+006 0 1.14988 
368789 -1.00097e+006 0 1.12308 
428153 -1.03098e+006 0 1.11503 
489385 -983891 0 0.929025 
478452 -1.04726e+006 0 0.930011 
491331 -1.09859e+006 0 1.03069 
545907 -1.03111e+006 0 0.937596 
601756 -1.03503e+006 0 0.878368 
663926 -1.0591e+006 0 0.888683 
582935 -1.08076e+006 0 0.909569 
699893 -1.04568e+006 0 0.79195 
607568 -1.09774e+006 0 0.962491 
709975 -1.12003e+006 0 0.7173 
-258310 -1.12786e+006 0 0.52712 
-228987 -1.09888e+006 0 0.525541 
-131932 -1.12554e+006 0 0.472352 
-172175 -1.15444e+006 0 0.611896 
-46331.9 -1.14965e+006 0 0.596297 
-83121.6 -1.10251e+006 0 0.541313 
8021.76 -1.12615e+006 0 0.599141 
-97074.9 -1.07185e+006 0 0.459788 
2112.66 -1.07143e+006 0 0.553562 
75786 -1.11869e+006 0 0.759999 
10101.5 -1.10288e+006 0 0.581673 
23256.2 -1.1716e+006 0 0.613515 
105478 -1.20004e+006 0 0.771421 
-83952.1 -1.18707e+006 0 0.612007 
-72160.9 -1.22108e+006 0 0.622741 
32084.4 -1.20738e+006 0 0.702433 
217060 -1.21757e+006 0 0.764674 
145922 -1.1443e+006 0 0.858906 
119986 -1.16839e+006 0 0.860181 
-9698.7 -1.23536e+006 0 0.612394 
-11924.4 -1.25964e+006 0 0.68709 
107088 -1.23677e+006 0 0.77835 
64967.6 -1.22794e+006 0 0.744249 
177396 -1.16687e+006 0 0.797582 
140297 -1.25521e+006 0 0.722138 
286660 -1.22627e+006 0 0.788183 
17664.5 -1.03576e+006 0 0.610349 
128023 -1.08155e+006 0 0.805906 
238139 -1.1473e+006 0 0.88702 
302489 -1.18997e+006 0 0.906942 
367763 -1.24062e+006 0 0.958893 
331771 -1.19104e+006 0 0.953473 
365395 -1.15896e+006 0 1.0312 
339758 -1.17005e+006 0 0.995836 
428412 -1.1605e+006 0 1.03989 
491321 -1.23796e+006 0 0.965196 
465417 -1.17923e+006 0 0.977876 
503129 -1.15947e+006 0 0.925717 
539134 -1.20076e+006 0 0.979129 
582546 -1.26813e+006 0 0.980722 
618319 -1.3907e+006 0 0.976915 
627882 -1.31719e+006 0 0.912198 
601196 -1.35201e+006 0 0.969171 
606285 -1.29268e+006 0 0.922278 
609864 -1.4117e+006 0 1.00972 
678790 -1.46419e+006 0 0.924605 
670300 -1.40181e+006 0 0.881773 
650004 -1.38439e+006 0 0.921019 
395602 -1.27677e+006 0 1.03345 
499015 -1.27115e+006 0 0.989569 
443820 -1.29508e+006 0 1.07558 
570368 -1.36347e+006 0 1.0194 
480986 -1.31884e+006 0 1.07466 
536342 -1.32767e+006 0 1.0276 
490896 -1.34742e+006 0 1.12808 
379367 -1.33691e+006 0 1.16849 
503576 -1.38658e+006 0 1.13938 
414490 -1.33015e+006 0 1.15327 
589381 -1.45995e+006 0 1.09058 
613107 -1.55854e+006 0 1.20552 
431023 -1.42954e+006 0 1.35582 
492449 -1.51432e+006 0 1.16536 
565838 -1.57378e+006 0 1.15942 
480811 -1.43624e+006 0 1.22911 
543538 -1.48696e+006 0 1.14518 
538022 -1.58089e+006 0 1.12832 
537744 -1.62222e+006 0 1.08562 
188649 -1.29994e+006 0 0.711059 
249519 -1.36051e+006 0 0.814233 
241367 -1.30195e+006 0 0.679931 
325776 -1.31092e+006 0 0.955554 
366701 -1.37893e+006 0 1.30474 
318646 -1.44217e+006 0 1.14757 
508009 -1.63938e+006 0 1.04901 
426504 -1.60747e+006 0 1.02477 
418671 -1.6437e+006 0 0.979097 
464711 -1.60886e+006 0 1.05582 
446075 -1.6749e+006 0 0.99848 
575288 -1.66009e+006 0 1.04735 
537690 -1.68226e+006 0 1.0104 
491829 -1.66492e+006 0 1.01777 
475001 -1.71561e+006 0 0.971605 
448076 -1.73369e+006 0 0.956903 
-285168 -1.2166e+006 0 0.543032 
-234929 -1.20167e+006 0 0.621109 
-151577 -1.28389e+006 0 0.695262 
-152905 -1.32141e+006 0 0.70306 
-221037 -1.17269e+006 0 0.615024 
-144284 -1.23291e+006 0 0.540624 
-74344.8 -1.29011e+006 0 0.733732 
49945.7 -1.2912e+006 0 0.663181 
-3724.86 -1.38089e+006 0 0.657098 
17108.4 -1.33553e+006 0 0.670419 
85226.5 -1.3369e+006 0 0.752474 
81303.6 -1.37925e+006 0 0.768698 
163084 -1.35743e+006 0 0.756513 
244264 -1.43753e+006 0 0.883729 
242343 -1.49099e+006 0 0.921293 
200764 -1.44702e+006 0 0.833664 
323514 -1.55861e+006 0 1.06308 
306268 -1.61588e+006 0 0.959625 
353224 -1.53369e+006 0 1.17721 
390311 -1.68539e+006 0 0.927442 
162704 -1.45961e+006 0 0.809244 
189658 -1.50797e+006 0 0.852672 
185810 -1.53551e+006 0 0.854341 
275853 -1.55935e+006 0 0.974747 
229958 -1.58792e+006 0 0.895668 
-273843 -1.27834e+006 0 0.635266 
-119818 -1.37331e+006 0 0.778596 
-286956 -1.35304e+006 0 0.704432 
-210355 -1.39436e+006 0 0.713874 
-219062 -1.44609e+006 0 0.720149 
-168486 -1.39469e+006 0 0.715118 
-117887 -1.42128e+006 0 0.665699 
-50390.1 -1.44098e+006 0 0.659766 
1649.24 -1.45457e+006 0 0.670414 
-67389.4 -1.53858e+006 0 0.666363 
-137789 -1.5035e+006 0 0.672353 
-95500.8 -1.46799e+006 0 0.672741 
-13034.2 -1.50871e+006 0 0.673611 
68291.9 -1.49962e+006 0 0.697262 
91071.1 -1.45282e+006 0 0.797576 
51232.6 -1.44828e+006 0 0.682259 
31566.2 -1.55969e+006 0 0.688861 
44097.7 -1.53723e+006 0 0.691748 
144526 -1.53214e+006 0 0.82104 
-15499.2 -1.60874e+006 0 0.678047 
-2020.89 -1.64124e+006 0 0.680852 
76525.9 -1.59825e+006 0 0.796076 
195495 -1.62192e+006 0 0.85471 
129279 -1.63325e+006 0 0.815456 
280091 -1.65527e+006 0 0.902128 
365572 -1.7296e+006 0 0.883307 
391010 -1.71818e+006 0 0.898351 
413363 -1.76977e+006 0 0.934502 
297589 -1.74134e+006 0 0.855803 
327532 -1.72888e+006 0 0.872859 
98035 -1.66515e+006 0 0.801951 
232595 -1.71873e+006 0 0.842177 
203023 -1.67583e+006 0 0.843718 
273096 -1.78662e+006 0 0.828836 
153664 -1.72485e+006 0 0.81209 
106251 -1.70985e+006 0 0.80067 
220033 -1.78309e+006 0 0.817204 
171865 -1.72079e+006 0 0.818741 
369078 -1.78443e+006 0 0.849339 
320635 -1.79765e+006 0 0.834461 
328758 -1.83639e+006 0 0.820547 
316171 -1.85429e+006 0 0.813153 
292510 -1.85648e+006 0 0.809732 
247524 -1.8337e+006 0 0.809347 
239716 -1.86371e+006 0 0.801334 
-2174.93 -1.69144e+006 0 0.780699 
-28655.9 -1.69845e+006 0 0.674833 
31216.6 -1.822e+006 0 0.780576 
-12907.6 -1.78477e+006 0 0.777912 
103131 -1.88122e+006 0 0.783537 
43658.9 -1.74239e+006 0 0.785916 
78692.1 -1.73278e+006 0 0.792509 
111070 -1.82451e+006 0 0.789563 
116310 -1.78653e+006 0 0.794468 
155339 -1.78583e+006 0 0.802006 
197066 -1.86134e+006 0 0.796279 
257320 -1.89365e+006 0 0.797308 
254386 -1.91372e+006 0 0.793432 
264102 -1.93815e+006 0 0.790201 
177286 -1.91654e+006 0 0.786623 
206541 -1.9579e+006 0 0.784131 
149317 -1.96456e+006 0 0.780239 
191092 -2.00971e+006 0 0.778777 
221172 -2.07352e+006 0 0.775458 
-613672 -782516 0 0.514118 
-520091 -832368 0 0.269612 
-513201 -773080 0 0.307876 
-556206 -860205 0 0.123081 
-514366 -933398 0 0.0516386 
-561301 -1.03222e+006 0 0.0613324 
-611616 -1.00678e+006 0 0.266351 
-618331 -1.13617e+006 0 0.101822 
-644641 -1.06412e+006 0 0.386293 
-676260 -1.00446e+006 0 0.363087 
-741039 -1.10617e+006 0 0.250996 
-704470 -1.06676e+006 0 0.422773 
-738688 -1.18862e+006 0 0.261173 
-687831 -1.14884e+006 0 0.467509 
-607051 -1.21726e+006 0 0.116758 
-681285 -1.23854e+006 0 0.108332 
-708054 -1.28511e+006 0 0.107598 
-663270 -1.37741e+006 0 0.128829 
-643753 -1.32452e+006 0 0.125574 
-801906 -1.43709e+006 0 0.243951 
-731631 -1.37172e+006 0 0.114998 
-569414 -1.47196e+006 0 0.274922 
-468393 -1.60282e+006 0 0.531752 
-394308 -1.64682e+006 0 0.536983 
-389697 -1.71714e+006 0 0.539297 
-358767 -1.68989e+006 0 0.539651 
-313052 -1.74085e+006 0 0.534082 
-308915 -1.66753e+006 0 0.54111 
-330565 -1.69495e+006 0 0.540813 
-204656 -1.67702e+006 0 0.675941 
-268165 -1.65873e+006 0 0.534894 
-213225 -1.64813e+006 0 0.674885 
-233798 -1.61611e+006 0 0.673018 
-142322 -1.68817e+006 0 0.662804 
-91302 -1.60387e+006 0 0.666096 
-98299.8 -1.68399e+006 0 0.666446 
-66760 -1.66778e+006 0 0.669939 
-551884 -1.11714e+006 0 0.0994194 
-512677 -1.14308e+006 0 0.112433 
-577651 -1.30728e+006 0 0.13218 
-485404 -1.47699e+006 0 0.360027 
-464427 -1.07092e+006 0 0.106374 
-484291 -1.10602e+006 0 0.108884 
-417230 -1.18575e+006 0 0.190272 
-360991 -1.14351e+006 0 0.441176 
-472652 -1.23115e+006 0 0.134535 
-494965 -1.19632e+006 0 0.126279 
-399688 -1.29969e+006 0 0.295317 
-485212 -1.2721e+006 0 0.191028 
-474118 -1.30504e+006 0 0.196732 
-502275 -1.33224e+006 0 0.196816 
-408372 -1.38194e+006 0 0.440914 
-322775 -1.49941e+006 0 0.606951 
-428277 -1.4495e+006 0 0.439035 
-360339 -1.54828e+006 0 0.533838 
-396701 -1.51678e+006 0 0.529547 
-350762 -1.56838e+006 0 0.535482 
-329912 -1.58727e+006 0 0.53748 
-286465 -1.44223e+006 0 0.604191 
-174242 -1.59081e+006 0 0.674941 
-255969 -1.58424e+006 0 0.600895 
-208147 -1.59917e+006 0 0.67348 
-140781 -1.58948e+006 0 0.660787 
-59100 -1.74036e+006 0 0.669902 
14960 -1.88246e+006 0 0.776721 
86644.9 -1.98357e+006 0 0.776009 
124541 -2.04772e+006 0 0.77438 
170036 -2.08952e+006 0 0.773655 
-568161 -579701 0 -0.200989 
-602019 -612091 0 0.20818 
-703100 -592441 0 0.854901 
-716753 -572477 0 0.88727 
-585007 -660191 0 0.323243 
-637530 -707957 0 0.820941 
-582021 -713136 0 0.407425 
-648479 -644193 0 0.707048 
-719768 -656012 0 1.10661 
-799022 -611900 0 1.15333 
-757757 -750600 0 1.03169 
-729065 -726776 0 1.15889 
-779302 -664688 0 1.14265 
-831796 -692647 0 1.01745 
-835854 -207144 0 0.726848 
-789017 -193073 0 0.621401 
-814349 -293721 0 1.13945 
-769486 -262200 0 0.881057 
-741028 -346185 0 1.07528 
-798328 -401198 0 1.36062 
-851556 -340032 0 1.65705 
-886084 -338073 0 1.91073 
-726835 -406313 0 0.876241 
-663525 -306594 0 0.762145 
-605214 -478592 0 0.444345 
-689804 -470655 0 0.664595 
-655967 -415963 0 0.558826 
-648466 -372445 0 0.700742 
-664665 -519962 0 0.554038 
-708721 -534983 0 0.820311 
-769255 -519870 0 1.12116 
-778057 -469412 0 1.13085 
-808720 -441652 0 1.34904 
-872886 -453359 0 1.77037 
-923297 -477907 0 1.84044 
-862719 -536425 0 1.34835 
-826332 -558138 0 1.26963 
-920067 -545829 0 1.38696 
-872068 -640878 0 1.04429 
-934311 -603940 0 1.11624 
-918430 -748947 0 0.741775 
-965462 -635831 0 0.876149 
-989007 -679402 0 0.72346 
-914014 -694261 0 0.854436 
-1.00163e+006 -743201 0 0.673539 
-1.00693e+006 -821827 0 0.525349 
-1.0637e+006 -788192 0 0.484307 
-656734 -860501 0 0.451733 
-644572 -821528 0 0.538892 
-664268 -925424 0 0.335918 
-694454 -814803 0 0.738647 
-764644 -864927 0 0.621608 
-749490 -951296 0 0.486608 
-759661 -829970 0 0.721551 
-836616 -809450 0 0.728841 
-778936 -804526 0 0.793541 
-806716 -770966 0 0.852438 
-864696 -904548 0 0.513966 
-913831 -818243 0 0.613216 
-1.06623e+006 -874974 0 0.331253 
-1.17358e+006 -897454 0 0.350331 
-1.11603e+006 -825502 0 0.458314 
-1.12334e+006 -944675 0 0.220504 
-1.27311e+006 -884016 0 0.523195 
-1.24069e+006 -846571 0 0.516088 
-1.25715e+006 -952654 0 0.422354 
-1.16961e+006 -763951 0 0.56435 
-1.18293e+006 -824630 0 0.489276 
-1.24888e+006 -783650 0 0.601131 
-1.32087e+006 -631153 0 0.851912 
-1.32043e+006 -797763 0 0.585686 
-1.27078e+006 -712105 0 0.647819 
-1.3043e+006 -927808 0 0.5323 
-1.37131e+006 -842958 0 0.577142 
-859164 -1.16285e+006 0 0.290101 
-893323 -1.11043e+006 0 0.2832 
-804411 -1.13955e+006 0 0.356582 
-806280 -1.07576e+006 0 0.36074 
-931294 -1.12517e+006 0 0.171139 
-804533 -1.00816e+006 0 0.400107 
-878920 -1.05272e+006 0 0.288182 
-990246 -1.06047e+006 0 -0.00631996 
-885090 -1.02541e+006 0 0.307376 
-983248 -1.09856e+006 0 -0.0534762 
-899373 -1.00537e+006 0 0.312275 
-949376 -948895 0 0.342059 
-928087 -952260 0 0.363479 
-939031 -994090 0 0.31759 
-1.0376e+006 -1.03323e+006 0 -0.0884025 
-1.04241e+006 -957461 0 0.154626 
-967179 -944890 0 0.381801 
-983968 -901648 0 0.382778 
-1.33138e+006 -1.00041e+006 0 0.362077 
-1.36421e+006 -969923 0 0.598621 
-1.29315e+006 -1.00945e+006 0 0.477992 
-1.35718e+006 -1.15366e+006 0 0.405687 
-1.28435e+006 -1.14267e+006 0 0.250301 
-1.321e+006 -1.15886e+006 0 0.342027 
-1.37426e+006 -1.2374e+006 0 0.432856 
-1.36333e+006 -1.27425e+006 0 0.421456 
-1.23403e+006 -1.01893e+006 0 0.307258 
-1.21567e+006 -1.0482e+006 0 0.171144 
-1.19619e+006 -1.08334e+006 0 0.072473 
-1.26756e+006 -1.08463e+006 0 0.371263 
-768799 -1.25822e+006 0 0.264553 
-830833 -1.3089e+006 0 0.34141 
-823922 -1.38471e+006 0 0.388075 
-832608 -1.2273e+006 0 0.293462 
-923162 -1.27107e+006 0 0.343663 
-883022 -1.37016e+006 0 0.504263 
-971211 -1.22649e+006 0 0.115162 
-1.06119e+006 -1.25309e+006 0 -0.011102 
-931014 -1.36778e+006 0 0.227808 
-975530 -1.41609e+006 0 0.274006 
-989396 -1.31647e+006 0 0.173277 
-1.04027e+006 -1.39732e+006 0 0.134848 
-1.01415e+006 -1.37455e+006 0 0.114707 
-1.10671e+006 -1.2839e+006 0 0.12784 
-1.08035e+006 -1.37589e+006 0 0.120689 
-1.10503e+006 -1.3378e+006 0 0.252001 
-1.13989e+006 -1.31273e+006 0 0.22508 
-902552 -1.20688e+006 0 0.30094 
-914949 -1.17857e+006 0 0.244449 
-999704 -1.18021e+006 0 -0.0835759 
-948824 -1.15733e+006 0 0.119922 
-1.03781e+006 -1.14845e+006 0 -0.388915 
-1.09622e+006 -1.19279e+006 0 -0.222711 
-1.16413e+006 -999562 0 0.12963 
-1.18026e+006 -1.24195e+006 0 0.0240047 
-1.13377e+006 -1.13445e+006 0 -0.239483 
-1.17967e+006 -1.13934e+006 0 -0.0137307 
-1.22715e+006 -1.16301e+006 0 0.204594 
-1.29208e+006 -1.24024e+006 0 0.296787 
-1.22181e+006 -1.28548e+006 0 0.194618 
-1.24616e+006 -1.30896e+006 0 0.277307 
-1.15366e+006 -1.36641e+006 0 0.171099 
-1.21658e+006 -1.35924e+006 0 0.262037 
-1.28381e+006 -1.32215e+006 0 0.329271 
-1.08677e+006 -1.43218e+006 0 0.178907 
-922558 -1.4349e+006 0 0.282935 
-884004 -1.45616e+006 0 0.306224 
-849994 -1.46474e+006 0 0.416982 
-918212 -335508 0 2.10242 
-902750 -244961 0 1.10563 
-938957 -239151 0 1.04262 
-969987 -299419 0 1.58642 
-1.01232e+006 -265061 0 1.16266 
-987420 -359012 0 2.01286 
-1.01201e+006 -473747 0 1.44549 
-976803 -487421 0 1.57096 
-958970 -437742 0 2.16865 
-1.20929e+006 -569720 0 0.921383 
-1.1963e+006 -629880 0 0.7198 
-1.16192e+006 -538881 0 0.881005 
-1.04972e+006 -436826 0 1.28272 
-1.07891e+006 -418747 0 1.17126 
-1.14696e+006 -441417 0 1.02565 
-1.19721e+006 -302238 0 1.13455 
-1.1239e+006 -322896 0 1.33442 
-1.05049e+006 -264364 0 1.12547 
-1.0464e+006 -345532 0 1.37874 
-1.09609e+006 -715905 0 0.463976 
-1.05366e+006 -695587 0 0.649801 
-1.03884e+006 -613812 0 0.820789 
-992702 -552391 0 1.1023 
-1.07287e+006 -540007 0 1.00329 
-1.17399e+006 -700297 0 0.763319 
-1.12008e+006 -646844 0 0.572944 
-1.10101e+006 -592787 0 0.602144 
-1.15209e+006 -598196 0 0.737444 
-1.26421e+006 -290486 0 1.2379 
-1.30949e+006 -286164 0 0.756297 
-1.32758e+006 -384527 0 1.04248 
-1.37463e+006 -400360 0 1.05969 
-1.41528e+006 -339523 0 0.836706 
-1.38632e+006 -293247 0 1.01976 
-1.46839e+006 -431493 0 0.943354 
-1.50165e+006 -296477 0 0.94785 
-1.43459e+006 -243909 0 0.795648 
-1.49059e+006 -217599 0 0.540446 
-1.56691e+006 -246715 0 1.0509 
-1.63837e+006 -268356 0 1.1106 
-1.63915e+006 -206721 0 0.628973 
-1.56152e+006 -168189 0 0.712341 
-1.72088e+006 -454671 0 1.72329 
-1.65086e+006 -362399 0 1.81547 
-1.60519e+006 -351425 0 1.4875 
-1.65662e+006 -545285 0 0.623571 
-1.67814e+006 -513146 0 1.0269 
-1.62941e+006 -485193 0 1.34377 
-1.61282e+006 -537999 0 0.841372 
-1.51428e+006 -402457 0 1.01596 
-1.54986e+006 -498844 0 1.19705 
-1.52163e+006 -572388 0 0.733844 
-1.45151e+006 -481958 0 0.68079 
-1.40405e+006 -484071 0 0.832551 
-1.35852e+006 -497606 0 1.08673 
-1.28287e+006 -417528 0 0.959737 
-1.24371e+006 -474024 0 0.95391 
-1.2896e+006 -651832 0 0.935165 
-1.5797e+006 -601321 0 0.43173 
-1.48519e+006 -624150 0 0.656421 
-1.38704e+006 -588493 0 1.04712 
-1.48343e+006 -692401 0 0.628866 
-1.38407e+006 -724675 0 0.642252 
-1.39911e+006 -888616 0 0.377011 
-1.12961e+006 507032 0 0.457313 
-1.12141e+006 458688 0 0.592596 
-1.15e+006 539780 0 0.49045 
-1.1999e+006 542222 0 0.604235 
-1.17712e+006 553011 0 0.526207 
-1.03412e+006 236812 0 1.23335 
-993332 306601 0 0.762134 
-1.0863e+006 227429 0 0.971934 
-1.04598e+006 513777 0 -0.174006 
-1.05752e+006 433547 0 0.035971 
-1.00463e+006 394286 0 -0.0745493 
-1.07361e+006 482888 0 0.0828445 
-1.03223e+006 387040 0 0.0398893 
-1.14807e+006 424509 0 1.08826 
-1.22587e+006 484164 0 0.949438 
-1.23985e+006 530971 0 0.610954 
-1.26828e+006 536905 0 0.483157 
-1.20321e+006 430461 0 1.62468 
-1.24646e+006 414176 0 1.34514 
-1.2101e+006 367205 0 1.66731 
-1.26186e+006 442595 0 0.977981 
-1.28643e+006 403488 0 0.802233 
-1.32707e+006 464920 0 0.124131 
-1.28516e+006 471239 0 0.579876 
-1.33856e+006 526012 0 -0.047117 
-1.35159e+006 588929 0 -0.0581844 
-1.30684e+006 524287 0 0.29491 
-1.37742e+006 548196 0 -0.0626338 
-1.43348e+006 516810 0 -0.180037 
-1.42451e+006 570202 0 -0.0333315 
-1.43593e+006 608325 0 0.0174515 
-1.48036e+006 582727 0 0.0806114 
-1.51266e+006 552129 0 0.0891364 
-1.50967e+006 465818 0 -0.210382 
-1.54289e+006 504799 0 -0.0107356 
-1.46941e+006 473885 0 -0.267442 
-1.43055e+006 471680 0 -0.368736 
-1.44357e+006 408842 0 -0.343722 
-1.45301e+006 358849 0 -0.180201 
-1.5952e+006 411837 0 -0.222214 
-826143 -110492 0 0.0203752 
-863761 -143734 0 0.279304 
-912347 -117092 0 0.292377 
-900132 -183774 0 0.633936 
-968888 -72651.4 0 0.493912 
-903812 -6847.09 0 0.358068 
-934915 -30240.4 0 0.394843 
-905286 -73118.5 0 0.135825 
-942006 -127400 0 0.458567 
-1.02442e+006 -127167 0 0.85523 
-951701 -158743 0 0.598661 
-990586 -182544 0 0.75079 
-1.09485e+006 -141250 0 1.00343 
-1.10234e+006 -221477 0 1.09646 
-1.15657e+006 -225383 0 1.09113 
-1.18877e+006 -155324 0 0.763507 
-1.22232e+006 -227213 0 1.1169 
-964391 -8414.28 0 0.581422 
-1.00191e+006 -17818.5 0 0.789786 
-1.03231e+006 -11437.4 0 0.885335 
-1.05886e+006 -19251.6 0 0.964063 
-1.0912e+006 -40406.4 0 1.00544 
-1.16696e+006 -73236.4 0 0.8741 
-1.19713e+006 -74148.7 0 0.74274 
-1.14184e+006 -94963 0 1.021 
-1.25834e+006 -110271 0 1.09318 
-1.28549e+006 -182847 0 1.20765 
-1.34129e+006 -63943.7 0 0.575705 
-1.34056e+006 -178757 0 0.839413 
-1.35863e+006 -232126 0 1.1814 
-1.40372e+006 -201530 0 0.735859 
-1.40781e+006 -135231 0 0.524405 
-1.38326e+006 -84222.8 0 0.653855 
-1.44797e+006 -108199 0 0.522503 
-1.42055e+006 -32282.1 0 0.698863 
-1.22883e+006 -10244.5 0 0.742308 
-1.2701e+006 -12667.2 0 0.773861 
-1.22522e+006 -46389.3 0 0.738338 
-1.31746e+006 -22680.3 0 0.550608 
-1.35181e+006 33160.1 0 0.382996 
-1.46731e+006 27774 0 -0.0278808 
-1.40706e+006 19378.8 0 0.222522 
-1.41537e+006 50762.6 0 0.365203 
-1.39946e+006 69842.8 0 0.258721 
-1.23136e+006 25273 0 0.750064 
-1.25772e+006 45249.8 0 0.494685 
-1.30692e+006 28364.8 0 0.442329 
-1.26159e+006 91335.3 0 0.519858 
-1.30859e+006 87359.9 0 0.52931 
-1.33744e+006 109992 0 0.41668 
-1.40945e+006 103574 0 0.35395 
-1.38975e+006 138656 0 0.103265 
-1.28581e+006 196314 0 0.586323 
-1.31465e+006 182791 0 0.482069 
-1.3111e+006 269929 0 0.570059 
-1.40607e+006 196966 0 0.231366 
-1.35577e+006 195226 0 0.489263 
-1.33886e+006 240795 0 0.521577 
-1.34385e+006 317077 0 0.43524 
-1.32346e+006 361179 0 0.440658 
-1.32079e+006 387949 0 0.397329 
-1.4216e+006 326304 0 0.0148283 
-1.15363e+006 21355 0 0.796766 
-1.09231e+006 28978.7 0 1.04475 
-1.10462e+006 118154 0 0.86759 
-1.06416e+006 64768.9 0 0.948202 
-1.19137e+006 67451.1 0 0.58133 
-1.16296e+006 109357 0 0.668342 
-1.18565e+006 163907 0 0.702768 
-1.2263e+006 114356 0 0.584009 
-1.26206e+006 206683 0 0.652375 
-1.27582e+006 146019 0 0.530294 
-1.13752e+006 200322 0 0.814089 
-1.16128e+006 231185 0 0.744562 
-1.14485e+006 263861 0 0.767582 
-1.21423e+006 241964 0 0.735262 
-1.21822e+006 214844 0 0.654706 
-1.25016e+006 289748 0 0.898702 
-1.16187e+006 300405 0 0.873391 
-1.2088e+006 323268 0 1.20576 
-1.51932e+006 289389 0 -0.117948 
-1.40097e+006 284598 0 0.180949 
-1.46112e+006 238305 0 0.259113 
-1.53093e+006 232519 0 -0.00621816 
-1.65308e+006 299460 0 0.52843 
-1.61678e+006 330123 0 0.205688 
-1.52388e+006 114155 0 -0.0586717 
-1.48754e+006 169203 0 -0.0628019 
-1.48193e+006 142418 0 -0.0650863 
-1.57835e+006 206169 0 0.0653137 
-1.70734e+006 134082 0 -0.368767 
-1.7285e+006 67373.3 0 -0.438742 
-1.59493e+006 73561 0 -0.0774709 
-1.61099e+006 108773 0 -0.0933938 
-1.65203e+006 113751 0 -0.161992 
-1.6555e+006 221607 0 0.351168 
-1.63169e+006 182497 0 0.0990561 
-1.71215e+006 298571 0 0.979443 
-1.69647e+006 349817 0 0.739618 
-1.75463e+006 379641 0 0.852674 
-1.64608e+006 394772 0 0.0379029 
-1.71291e+006 397382 0 0.433485 
-1.80601e+006 384620 0 0.557308 
-1.82486e+006 198610 0 0.168561 
-1.80105e+006 243428 0 0.235144 
-1.81334e+006 283993 0 0.430531 
-1.75902e+006 254216 0 0.531179 
-1.78166e+006 603049 0 -0.617039 
-1.77832e+006 550870 0 -0.688671 
-1.73836e+006 443454 0 -0.0546804 
-1.7594e+006 502609 0 -0.705669 
-1.7867e+006 506711 0 -0.532464 
-1.78955e+006 449702 0 -0.00603862 
-1.82578e+006 374501 0 0.481431 
-1.79833e+006 359622 0 0.756399 
-1.82922e+006 316693 0 0.491979 
-1.85912e+006 252166 0 0.254505 
-1.87318e+006 206529 0 0.255155 
-1.87073e+006 167420 0 0.353495 
-1.9057e+006 160149 0 0.244156 
-1.81539e+006 66420.2 0 0.19397 
-1.86589e+006 43109.7 0 0.296992 
-1.91674e+006 107739 0 0.278926 
-1.92948e+006 68933.6 0 0.273364 
-1.96303e+006 52474.7 0 0.255808 
-1.82387e+006 -7529.32 0 0.0690365 
-1.8665e+006 -25953.7 0 0.13603 
-1.89131e+006 -45057.1 0 0.260565 
-1.92253e+006 15310.5 0 0.222326 
-1.93222e+006 -20957.4 0 0.336017 
-1.96609e+006 -17247.6 0 0.374647 
-1.57489e+006 658372 0 0.285574 
-1.63291e+006 644997 0 -0.0170591 
-1.67107e+006 642912 0 -0.142261 
-1.60204e+006 650596 0 0.285682 
-1.54585e+006 619021 0 0.27196 
-1.56609e+006 568611 0 0.309584 
-1.6129e+006 610521 0 0.140387 
-1.60623e+006 582214 0 0.274155 
-1.58986e+006 530549 0 0.272391 
-1.61203e+006 509885 0 0.322118 
-1.62488e+006 560727 0 0.454795 
-1.6422e+006 455085 0 -0.405924 
-1.67593e+006 441085 0 -0.149741 
-1.70343e+006 450055 0 -0.143975 
-1.70328e+006 543560 0 -0.496202 
-1.65146e+006 590465 0 0.12958 
-1.71718e+006 583242 0 -0.527945 
-1.76859e+006 625196 0 -0.537992 
-1.51399e+006 -6867.72 0 0.0757762 
-1.52329e+006 51100.2 0 -0.00567271 
-1.51926e+006 -61713.9 0 0.426401 
-1.56992e+006 12609.3 0 0.0127754 
-1.66e+006 11589.6 0 -0.135273 
-1.66025e+006 -53973.5 0 0.320948 
-1.62407e+006 -89102.6 0 0.468408 
-1.57567e+006 -105895 0 0.588552 
-1.50114e+006 -117815 0 0.688204 
-1.96102e+006 -64416.1 0 0.377549 
-1.98636e+006 -175564 0 0.291603 
-1.96474e+006 -339586 0 1.14173 
-1.95384e+006 -305158 0 0.862101 
-1.98799e+006 -239993 0 0.62712 
-2.0031e+006 -268713 0 0.819481 
-2.02861e+006 -227542 0 0.709909 
-2.01128e+006 -351309 0 1.13622 
-2.00527e+006 -419082 0 1.38857 
-1.97555e+006 -415949 0 1.43908 
-1.98453e+006 -467997 0 1.41186 
-1.75385e+006 7173.67 0 -0.162396 
-1.72357e+006 -45754.4 0 -0.0725143 
-1.7912e+006 -33877.9 0 -0.0169531 
-1.74826e+006 -109263 0 0.228214 
-1.80701e+006 -119766 0 0.149825 
-1.84541e+006 -80036.9 0 0.167152 
-1.84635e+006 -124479 0 0.133931 
-1.88639e+006 -122831 0 0.0865346 
-1.94506e+006 -103479 0 0.197348 
-1.9182e+006 -139573 0 0.135507 
-1.91923e+006 -182230 0 0.122322 
-1.94961e+006 -220482 0 0.419716 
-1.67971e+006 -114228 0 0.407491 
-1.72119e+006 -188602 0 0.276548 
-1.82868e+006 -173955 0 -0.017318 
-1.85941e+006 -182733 0 0.093362 
-1.86658e+006 -242368 0 -0.132326 
-1.87743e+006 -305086 0 0.312012 
-1.85826e+006 -366249 0 1.54471 
-1.84856e+006 -400705 0 2.2825 
-1.83737e+006 -407293 0 2.29915 
-1.9039e+006 -439453 0 1.8981 
-1.88634e+006 -216542 0 0.07666 
-1.91656e+006 -256181 0 0.306873 
-1.92065e+006 -294508 0 0.602073 
-1.92304e+006 -340238 0 1.17578 
-1.94433e+006 -394046 0 1.59634 
-1.93002e+006 -440724 0 1.64618 
-1.83206e+006 -251138 0 -0.305004 
-1.82771e+006 -326638 0 0.324393 
-1.75201e+006 -328483 0 0.980985 
-1.75753e+006 -364625 0 1.35164 
-1.82532e+006 -386026 0 1.67555 
-1.78128e+006 -392378 0 1.36147 
-1.80492e+006 -421972 0 1.25644 
-1.76879e+006 -439346 0 1.19542 
-1.77085e+006 -470830 0 0.873668 
-1.63813e+006 -837798 0 0.0490007 
-1.69871e+006 -902731 0 0.532584 
-1.6914e+006 -852501 0 0.264555 
-1.69262e+006 -830717 0 0.145028 
-1.68086e+006 -797720 0 -0.140865 
-1.70504e+006 -722694 0 -0.0320416 
-1.72499e+006 -699254 0 0.247416 
-1.82799e+006 -760002 0 1.44807 
-1.75787e+006 -801721 0 0.663606 
-1.87958e+006 -547451 0 1.11041 
-1.83068e+006 -540096 0 0.683106 
-1.83658e+006 -514094 0 0.804789 
-1.75393e+006 -643538 0 0.53679 
-1.74945e+006 -541347 0 0.333775 
-1.78997e+006 -533974 0 0.451642 
-1.76706e+006 -510629 0 0.579635 
-1.86369e+006 -657899 0 1.9384 
-1.91562e+006 -513736 0 1.35577 
-1.94661e+006 -494462 0 1.43024 
-1.92236e+006 -604133 0 1.51172 
-1.92259e+006 -569123 0 1.39905 
-1.97986e+006 -499300 0 1.37 
-1.96249e+006 -581140 0 1.50854 
-1.94846e+006 -622501 0 1.588 
-1.88942e+006 -670459 0 1.771 
-1.79753e+006 -877947 0 0.879621 
-1.83281e+006 -823639 0 1.08333 
-1.88375e+006 -762874 0 1.34747 
-1.89789e+006 -806120 0 1.10157 
-1.8007e+006 -908137 0 0.881748 
-1.83493e+006 -907666 0 0.891707 
-1.86322e+006 -911386 0 0.93133 
-1.82753e+006 -938720 0 0.855539 
-1.91771e+006 -668968 0 1.59659 
-1.9333e+006 -698332 0 1.53664 
-1.8327e+006 -952943 0 0.856602 
-1.85373e+006 -1.00748e+006 0 0.856869 
-1.77045e+006 -974085 0 0.859434 
-1.71915e+006 -974330 0 0.799912 
-1.7409e+006 -1.00262e+006 0 0.868567 
-1.69532e+006 -1.03471e+006 0 0.908562 
-1.68316e+006 -1.02255e+006 0 0.893579 
-1.65137e+006 -1.04101e+006 0 0.966062 
-1.73335e+006 -1.15285e+006 0 0.973554 
-1.66583e+006 -1.07408e+006 0 0.98835 
-1.57567e+006 -1.09267e+006 0 0.942091 
-1.65031e+006 -1.08657e+006 0 1.01517 
-1.62874e+006 -1.1095e+006 0 1.03191 
-1.58191e+006 -1.12166e+006 0 0.897937 
-1.58619e+006 -1.14873e+006 0 0.851036 
-1.58448e+006 -1.189e+006 0 0.713544 
-1.55734e+006 -1.21694e+006 0 0.652969 
-1.65989e+006 -181166 0 0.484679 
-1.70125e+006 -245677 0 0.785264 
-1.7146e+006 -309291 0 1.15185 
-1.65135e+006 -592676 0 0.119331 
-1.62916e+006 -655419 0 -0.0714616 
-1.60963e+006 -764879 0 -0.0846232 
-1.57941e+006 -722802 0 0.117663 
-1.46524e+006 -793474 0 0.678212 
-1.50282e+006 -834686 0 0.602271 
-1.55471e+006 -835319 0 0.404057 
-1.59187e+006 -863322 0 0.37092 
-1.64527e+006 -944210 0 0.648883 
-1.55769e+006 -933892 0 0.523941 
-1.51339e+006 -977890 0 0.580257 
-1.44247e+006 -1.05777e+006 0 0.54908 
-1.48407e+006 -1.16674e+006 0 0.612228 
