interp_log10_backtrans
4
X
Y
Z
interp_log10
2.29e+006 633381 0 1.01087 
2.4e+006 637423 0 1.63456 
2.28e+006 648245 0 1.12975 
2.33e+006 691436 0 1.31748 
2.36e+006 655345 0 1.54449 
2.31e+006 550429 0 3.18239 
2.34e+006 587534 0 1.50091 
2.41e+006 575766 0 1.81906 
2.35e+006 497438 0 2.81402 
2.41e+006 483244 0 1.47612 
2.29e+006 502796 0 3.9863 
2.27e+006 453288 0 5.87935 
2.34e+006 416290 0 2.04127 
2.24e+006 395494 0 1.02214 
2.3e+006 358564 0 3.86824 
2.46e+006 543191 0 2.07461 
2.47e+006 465598 0 2.00438 
2.39e+006 363590 0 1.38568 
2.32e+006 308035 0 1.46058 
2.28e+006 291972 0 1.0311 
2.31e+006 225415 0 1.909 
2.23e+006 264222 0 1.34017 
2.28e+006 196323 0 1.49339 
2.24e+006 187955 0 1.37043 
2.28e+006 127993 0 1.06188 
2.3e+006 118367 0 1.68028 
2.21e+006 351505 0 1.26044 
2.18e+006 333083 0 1.64186 
2.18e+006 275289 0 1.60759 
2.2e+006 211362 0 1.93803 
2.16e+006 244064 0 1.69697 
2.17e+006 220179 0 1.68701 
2.18e+006 163105 0 0.951729 
2.22e+006 117153 0 1.7501 
2.24e+006 126000 0 1.90775 
2.18e+006 117652 0 1.81976 
2.25e+006 89828.6 0 1.60908 
2.25e+006 14678.5 0 1.16625 
2.19e+006 67573.1 0 1.81594 
2.2e+006 28159.5 0 1.33394 
2.33e+006 129069 0 2.56686 
2.4e+006 73125.4 0 1.02044 
2.3e+006 80072.1 0 2.16184 
2.34e+006 63659.7 0 1.28013 
2.32e+006 13910 0 0.700703 
2.29e+006 51620.8 0 1.21546 
2.27e+006 35757.5 0 1.14434 
2.29e+006 -100.653 0 0.94392 
2.24e+006 -26280 0 1.1148 
2.18e+006 7816.14 0 1.18078 
2.19e+006 -65461.1 0 1.16254 
2.24e+006 -51819.2 0 1.30321 
2.16e+006 361009 0 2.23822 
2.11e+006 198173 0 1.97924 
2.13e+006 228992 0 1.7849 
2.13e+006 287758 0 1.72009 
2.06e+006 268430 0 1.4224 
2.11e+006 321982 0 1.74955 
2.04e+006 294100 0 1.26995 
2.11e+006 349771 0 1.90588 
2.06e+006 197590 0 2.16351 
2.06e+006 144715 0 2.01045 
2.13e+006 129005 0 2.8978 
2.02e+006 106019 0 1.97986 
2.07e+006 53172.6 0 2.89113 
2.12e+006 46999.6 0 5.13114 
2.1e+006 -51348.8 0 1.16334 
2.14e+006 -31746.2 0 1.1887 
2.16e+006 -67544.8 0 0.881168 
2.17e+006 -98300.7 0 1.5677 
2.13e+006 -112234 0 2.85696 
2.14e+006 -142489 0 2.72659 
2.12e+006 -168461 0 2.48665 
2.23e+006 -81231.7 0 1.64768 
2.24e+006 -94761.6 0 2.03375 
2.04e+006 -51943.2 0 1.13577 
2.05e+006 -6646.13 0 1.49105 
2.03e+006 -79864.5 0 2.15193 
2.07e+006 -82082.3 0 0.91245 
2.08e+006 -143121 0 11.5976 
2.03e+006 -155683 0 3.41421 
2.11e+006 -212200 0 8.41478 
2.1e+006 -244113 0 1.12507 
2.03e+006 -211418 0 1.58178 
2.12e+006 -335041 0 2.57305 
2.05e+006 -274943 0 2.27224 
2.11e+006 -299316 0 2.25253 
2.1e+006 -350322 0 1.65731 
2.16e+006 -237467 0 5.62405 
2.15e+006 -291618 0 12.2214 
2.01e+006 22660.2 0 1.44049 
1.96e+006 23133.6 0 1.462 
1.93e+006 -31868.1 0 1.42459 
1.85e+006 -73009.9 0 2.39947 
1.87e+006 -43401.6 0 2.15171 
1.96e+006 -82334.3 0 1.45986 
1.98e+006 -134652 0 1.19119 
1.8e+006 -217706 0 3.06529 
1.8e+006 -156246 0 4.03964 
1.85e+006 -151242 0 2.64525 
1.85e+006 -193870 0 2.37015 
1.86e+006 -119807 0 2.41566 
1.92e+006 -141692 0 1.756 
1.93e+006 -202564 0 1.74565 
1.83e+006 -251658 0 2.15518 
1.82e+006 -302968 0 1.67786 
1.88e+006 -251394 0 1.90121 
1.93e+006 -252427 0 1.37489 
1.99e+006 -277902 0 1.37762 
2.05e+006 -413700 0 1.43968 
2.05e+006 -335405 0 0.815857 
1.99e+006 -335515 0 1.24856 
2.02e+006 -402250 0 1.39941 
2.07e+006 -388779 0 1.18282 
2e+006 -402916 0 1.53137 
2.07e+006 -426173 0 1.75228 
2.1e+006 -400864 0 1.28407 
2.12e+006 -444097 0 4.50975 
2.14e+006 -414704 0 3.35009 
1.79e+006 -457694 0 1.44594 
1.79e+006 -381416 0 1.39258 
1.83e+006 -388060 0 1.54372 
1.87e+006 -346232 0 1.64965 
1.83e+006 -503663 0 1.46111 
1.84e+006 -453534 0 1.55079 
1.89e+006 -404108 0 1.62403 
1.92e+006 -392345 0 1.73309 
1.93e+006 -335485 0 1.44676 
1.95e+006 -420626 0 2.06364 
2e+006 -463796 0 1.95355 
2.09e+006 -535422 0 3.66821 
2.06e+006 -553410 0 3.04771 
1.9e+006 -471472 0 1.69078 
2.01e+006 -501930 0 2.1706 
1.98e+006 -512465 0 1.96245 
1.95e+006 -528679 0 1.75974 
2.05e+006 -560439 0 2.90836 
2.08e+006 -588213 0 3.77663 
2.11e+006 -511415 0 3.97913 
2.12e+006 -513972 0 4.0997 
1.76e+006 -586105 0 1.32782 
1.8e+006 -563424 0 1.32783 
1.85e+006 -582061 0 1.29283 
1.87e+006 -528774 0 1.47677 
1.92e+006 -566720 0 1.46315 
2.02e+006 -576252 0 2.33395 
1.93e+006 -601509 0 1.33445 
2.08e+006 -614371 0 4.26203 
1.79e+006 -655023 0 1.24024 
1.88e+006 -662971 0 1.03747 
1.78e+006 -725977 0 1.46727 
1.86e+006 -713061 0 1.36101 
1.84e+006 -678890 0 1.2196 
1.95e+006 -682139 0 1.4632 
2.04e+006 -716951 0 3.20224 
1.98e+006 -631164 0 1.44793 
2.03e+006 -613702 0 2.79254 
2.06e+006 -678884 0 6.59245 
1.98e+006 -663738 0 1.67834 
2.12e+006 -677751 0 5.23193 
1.95e+006 -736671 0 1.70363 
1.98e+006 -713504 0 1.81793 
2.03e+006 -757715 0 1.88111 
2.1e+006 -766495 0 2.99566 
2.14e+006 -761785 0 3.19422 
2.07e+006 -846377 0 2.35827 
1.93e+006 -781647 0 2.09917 
2.04e+006 -807416 0 2.03626 
1.99e+006 -781700 0 1.5837 
2.08e+006 -826416 0 2.49722 
2.05e+006 -875303 0 2.34911 
1.85e+006 -773316 0 1.72931 
1.84e+006 -817990 0 1.94936 
1.9e+006 -846302 0 2.16361 
1.98e+006 -922607 0 2.48602 
1.97e+006 -871346 0 2.17806 
2.02e+006 -877607 0 2.2696 
1.72e+006 -779650 0 1.7494 
1.72e+006 -817658 0 1.81222 
1.79e+006 -824833 0 1.92456 
1.82e+006 -874421 0 2.22239 
1.77e+006 -881059 0 2.10555 
1.85e+006 -953687 0 2.9285 
1.83e+006 -978955 0 3.26268 
1.9e+006 -911601 0 2.52937 
1.9e+006 -953695 0 2.96289 
1.85e+006 -1.03e+006 0 3.97934 
1.96e+006 -968678 0 2.93733 
1.99e+006 -978772 0 2.93852 
1.63e+006 -854714 0 1.60489 
1.69e+006 -867862 0 1.69476 
1.74e+006 -931001 0 2.11692 
1.77e+006 -996089 0 3.34627 
1.65e+006 -908204 0 1.52847 
1.72e+006 -982737 0 2.12691 
1.65e+006 -956392 0 1.34889 
1.65e+006 -978391 0 1.2373 
1.65e+006 -1e+006 0 1.05109 
1.76e+006 -1.04e+006 0 4.91316 
1.81e+006 -1.06e+006 0 4.76795 
1.88e+006 -1.07e+006 0 3.83042 
1.87e+006 -1.1e+006 0 4.12497 
1.85e+006 -1.14e+006 0 4.17775 
1.75e+006 -1.07e+006 0 6.57625 
1.73e+006 -1.08e+006 0 2.96308 
1.8e+006 -1.11e+006 0 4.95771 
1.81e+006 -1.09e+006 0 4.95541 
1.76e+006 -1.13e+006 0 4.1639 
1.8e+006 -1.18e+006 0 3.97321 
1.57e+006 -974182 0 1.67682 
1.53e+006 -989685 0 1.98294 
1.6e+006 -1.04e+006 0 1.58723 
1.55e+006 -1.05e+006 0 2.08223 
1.61e+006 -1.1e+006 0 2.02455 
1.69e+006 -1.12e+006 0 2.61652 
1.66e+006 -1.06e+006 0 1.81088 
1.67e+006 -1.14e+006 0 2.56601 
1.76e+006 -1.2e+006 0 3.57787 
1.64e+006 -1.16e+006 0 2.43882 
1.73e+006 -1.21e+006 0 3.28961 
1.71e+006 -1.24e+006 0 3.18711 
1.77e+006 -1.28e+006 0 3.48751 
1.53e+006 -1.11e+006 0 2.41185 
1.6e+006 -1.21e+006 0 2.46732 
1.5e+006 -1.16e+006 0 2.46603 
1.57e+006 -1.27e+006 0 2.40773 
1.61e+006 -1.27e+006 0 2.62908 
1.71e+006 -1.29e+006 0 3.2196 
1.65e+006 -1.23e+006 0 2.77667 
1.68e+006 -1.35e+006 0 3.24614 
1.69e+006 -1.32e+006 0 3.34317 
1.76e+006 -1.36e+006 0 3.83273 
1.73e+006 -1.43e+006 0 4.52081 
1.76e+006 -1.42e+006 0 4.37827 
1.86e+006 -1.63e+006 0 2.34684 
1.76e+006 -1.58e+006 0 3.09319 
1.78e+006 -1.49e+006 0 3.98416 
1.83e+006 -1.53e+006 0 3.32089 
1.9e+006 -1.63e+006 0 2.60548 
1.93e+006 -1.71e+006 0 2.80481 
1.86e+006 -1.71e+006 0 2.7871 
1.92e+006 -1.76e+006 0 2.88769 
1.88e+006 -1.79e+006 0 2.91647 
1.92e+006 -1.8e+006 0 2.94046 
1.96e+006 -1.87e+006 0 3.02055 
2.01e+006 -1.97e+006 0 3.08998 
1.88e+006 -1.9e+006 0 3.03585 
1.86e+006 -1.84e+006 0 2.97447 
1.82e+006 -1.76e+006 0 2.87307 
1.78e+006 -1.8e+006 0 2.93018 
1.8e+006 -1.85e+006 0 2.99143 
1.76e+006 -1.8e+006 0 2.74246 
1.76e+006 -1.77e+006 0 2.89314 
1.76e+006 -1.75e+006 0 2.85724 
1.78e+006 -1.72e+006 0 2.80398 
1.76e+006 -1.69e+006 0 2.76397 
1.74e+006 -1.73e+006 0 2.83198 
1.72e+006 -1.67e+006 0 2.73883 
1.76e+006 -1.64e+006 0 2.75603 
1.69e+006 -1.57e+006 0 2.59395 
1.61e+006 -1.52e+006 0 1.01272 
1.57e+006 -1.46e+006 0 1.59549 
1.67e+006 -1.42e+006 0 3.15517 
1.57e+006 -1.32e+006 0 2.0723 
1.59e+006 -1.37e+006 0 2.25343 
1.57e+006 -1.37e+006 0 1.70004 
1.65e+006 -1.51e+006 0 1.87944 
1.7e+006 -1.5e+006 0 4.43579 
1.53e+006 -1.48e+006 0 2.08122 
1.53e+006 -1.41e+006 0 1.13434 
1.49e+006 -1.48e+006 0 2.64473 
1.48e+006 -1.05e+006 0 3.21076 
1.41e+006 -1.19e+006 0 2.2691 
1.42e+006 -1.3e+006 0 1.46167 
1.43e+006 -1.4e+006 0 1.26152 
1.46e+006 -1.21e+006 0 2.1575 
1.52e+006 -1.3e+006 0 1.94666 
1.48e+006 -1.31e+006 0 1.4838 
1.5e+006 -1.4e+006 0 0.729879 
1.47e+006 -1.36e+006 0 0.935621 
1.46e+006 -1.41e+006 0 1.0983 
1.45e+006 -1.52e+006 0 4.77726 
1.42e+006 -1.47e+006 0 2.43801 
1.48e+006 -1.54e+006 0 7.71646 
1.45e+006 -1.58e+006 0 5.47182 
1.4e+006 -1.52e+006 0 3.77598 
1.32e+006 -1.5e+006 0 2.48975 
1.3e+006 -1.46e+006 0 2.11223 
1.26e+006 -1.48e+006 0 2.15971 
1.26e+006 -1.52e+006 0 2.37789 
1.2e+006 -1.5e+006 0 2.20385 
1.21e+006 -1.54e+006 0 2.31631 
1.37e+006 -1.4e+006 0 1.53687 
1.34e+006 -1.39e+006 0 1.60983 
1.37e+006 -1.47e+006 0 2.35662 
1.32e+006 -1.38e+006 0 1.61456 
1.3e+006 -1.37e+006 0 1.6138 
1.27e+006 -1.39e+006 0 1.71395 
1.24e+006 -1.43e+006 0 1.88438 
1.22e+006 -1.47e+006 0 2.05002 
1.39e+006 -1e+006 0 2.50068 
1.41e+006 -1.03e+006 0 2.9582 
1.37e+006 -1.05e+006 0 3.4723 
1.42e+006 -1.07e+006 0 3.311 
1.34e+006 -1.08e+006 0 4.67639 
1.3e+006 -1.14e+006 0 2.75849 
1.28e+006 -1.23e+006 0 1.54859 
1.36e+006 -1.15e+006 0 2.90361 
1.34e+006 -1.22e+006 0 1.9069 
1.34e+006 -1.29e+006 0 1.52907 
1.27e+006 -1.3e+006 0 1.44543 
1.22e+006 -1.24e+006 0 1.14078 
1.21e+006 -1.34e+006 0 1.71088 
1.2e+006 -1.41e+006 0 1.78043 
1.07e+006 -1.13e+006 0 1.86762 
1.04e+006 -1.13e+006 0 1.82378 
1.11e+006 -1.14e+006 0 1.91562 
1.04e+006 -1.19e+006 0 1.88517 
1.11e+006 -1.18e+006 0 1.85281 
1.11e+006 -1.24e+006 0 1.87729 
1.14e+006 -1.2e+006 0 1.76741 
1.06e+006 -1.25e+006 0 2.01071 
1.23e+006 -1.11e+006 0 2.76186 
1.18e+006 -1.12e+006 0 2.30211 
1.24e+006 -1.14e+006 0 2.34902 
1.18e+006 -1.2e+006 0 1.61941 
1.16e+006 -1.27e+006 0 1.6445 
1.13e+006 -1.35e+006 0 2.73844 
1.09e+006 -1.3e+006 0 2.25196 
1.15e+006 -1.42e+006 0 2.09021 
1.15e+006 -1.49e+006 0 2.26972 
1.17e+006 -1.53e+006 0 2.26893 
1.05e+006 -1.33e+006 0 2.22448 
1.08e+006 -1.38e+006 0 2.34526 
1.09e+006 -1.45e+006 0 2.19327 
1e+006 -1.4e+006 0 2.19993 
1.05e+006 -1.43e+006 0 2.23409 
1.1e+006 -1.54e+006 0 2.15464 
1.04e+006 -1.49e+006 0 2.12952 
1.12e+006 -1.49e+006 0 2.20315 
1.05e+006 -1.54e+006 0 2.05417 
1.01e+006 -1.29e+006 0 2.04822 
954091 -1.36e+006 0 2.15421 
947969 -1.43e+006 0 2.12885 
987313 -1.51e+006 0 2.01064 
937985 -1.49e+006 0 2.01506 
702735 352434 0 2.01911 
630349 269811 0 1.24233 
566470 268847 0 0.928903 
603074 268528 0 1.19541 
643425 213273 0 1.03063 
715287 197355 0 0.675938 
782144 221657 0 0.622128 
825874 218971 0 0.828341 
865052 298360 0 1.12615 
867599 249657 0 0.887867 
917414 260194 0 1.81583 
991054 234370 0 0.750062 
1.12e+006 257186 0 0.605599 
1.17e+006 267543 0 0.579868 
1.01e+006 316887 0 0.860455 
965913 -38159.8 0 0.459124 
989319 55019.9 0 0.74879 
934175 28698.8 0 0.972749 
914407 76606.7 0 1.30909 
915487 107514 0 1.76026 
876378 191842 0 1.34397 
908818 220318 0 1.68053 
925855 146230 0 3.22282 
968151 162313 0 1.28583 
955380 213241 0 0.65436 
999529 200305 0 0.756814 
1.03e+006 188649 0 0.707231 
867081 -70145.8 0 0.290247 
877092 27465.9 0 1.77611 
923505 -54923.7 0 0.683483 
939502 -4642.72 0 0.7086 
1.08e+006 -287556 0 1.63118 
986100 -180059 0 4.76645 
961284 -107385 0 2.08507 
1.19e+006 -245406 0 1.43954 
1.13e+006 -172373 0 0.495007 
1.2e+006 -179728 0 0.394119 
1.27e+006 -149122 0 0.445933 
1.24e+006 -95969 0 0.421343 
1.17e+006 -106360 0 0.575746 
1.21e+006 -147693 0 1.54486 
1.11e+006 -44480.6 0 0.528709 
1.18e+006 -14615.9 0 0.397224 
1.15e+006 36319.3 0 0.375033 
1.11e+006 64271.1 0 0.322211 
1.16e+006 113098 0 0.443917 
1.06e+006 230587 0 0.652104 
1.1e+006 215007 0 0.585454 
1.06e+006 -26085.1 0 0.549326 
1.2e+006 252390 0 0.546531 
1.18e+006 237117 0 0.551299 
1.28e+006 158509 0 0.416991 
1.19e+006 152706 0 0.45142 
1.23e+006 151765 0 0.443615 
1.27e+006 123581 0 0.392061 
1.25e+006 82217.7 0 0.411913 
1.28e+006 45826.9 0 0.351914 
1.27e+006 -5431.55 0 0.2843 
1.34e+006 -4460.04 0 0.349694 
1.38e+006 -1530.82 0 0.416401 
1.24e+006 -4223.45 0 0.294769 
1.22e+006 -45004.5 0 0.299099 
1.27e+006 -59178.5 0 0.210629 
1.33e+006 -79040.3 0 0.389098 
1.35e+006 -33774.8 0 0.373196 
1.3e+006 -40916.3 0 0.275058 
1.32e+006 113963 0 0.399008 
1.39e+006 -62064.5 0 0.478272 
1.39e+006 -137372 0 0.708725 
1.37e+006 -110919 0 0.60428 
1.37e+006 -152914 0 0.602801 
1.33e+006 -156338 0 0.486842 
1.35e+006 -209451 0 0.604131 
1.32e+006 -206499 0 0.368506 
1.26e+006 -270592 0 2.01392 
1.28e+006 -357474 0 3.38762 
1.27e+006 -306207 0 4.37386 
1.29e+006 -254155 0 1.14409 
1.31e+006 -331818 0 2.69939 
1.36e+006 -317004 0 2.0034 
1.33e+006 -269726 0 1.14954 
1.38e+006 -262866 0 1.2374 
1.41e+006 -291460 0 1.75107 
1.45e+006 -271038 0 2.01582 
1.5e+006 -251846 0 2.74142 
1.54e+006 -237966 0 4.6373 
1.54e+006 -205234 0 2.55332 
1.58e+006 -195170 0 1.61813 
1.64e+006 -118759 0 2.45776 
1.73e+006 -53809.6 0 3.34882 
1.73e+006 -26226.6 0 2.94252 
1.73e+006 4786.24 0 2.64441 
1.54e+006 -159495 0 1.74654 
1.74e+006 37584.6 0 2.14379 
1.79e+006 -48850.1 0 2.83036 
1.79e+006 12065.6 0 2.51066 
1.84e+006 62287.5 0 1.4352 
1.91e+006 133435 0 1.6006 
1.88e+006 22339.2 0 1.53931 
1.94e+006 90343.1 0 1.58745 
1.89e+006 87749.6 0 1.54509 
1.97e+006 163600 0 1.54977 
1.89e+006 177983 0 1.54529 
1.8e+006 89410.7 0 2.15964 
1.91e+006 243559 0 1.04665 
1.95e+006 218584 0 1.58663 
1.92e+006 193724 0 1.55756 
1.96e+006 245682 0 0.521267 
2.01e+006 203884 0 0.846193 
1.99e+006 275336 0 0.779864 
2.01e+006 306262 0 1.10976 
1.75e+006 -106918 0 4.33171 
1.7e+006 -96696.9 0 3.38004 
1.69e+006 -172302 0 3.99823 
1.65e+006 -156236 0 2.61321 
1.74e+006 -180220 0 8.07542 
1.73e+006 -230385 0 2.69467 
1.77e+006 -289298 0 1.56309 
1.73e+006 -295129 0 1.23998 
1.69e+006 -273887 0 0.851311 
1.72e+006 -460076 0 1.48389 
1.68e+006 -444613 0 1.56975 
1.7e+006 -399475 0 1.50559 
1.74e+006 -431016 0 1.43367 
1.69e+006 -349299 0 1.55924 
1.75e+006 -351308 0 1.16047 
1.64e+006 -300784 0 1.55028 
1.63e+006 -212352 0 1.98728 
1.59e+006 -245639 0 2.39 
1.64e+006 -266999 0 1.51889 
1.67e+006 -248482 0 1.46478 
1.64e+006 -364446 0 1.70574 
1.62e+006 -420783 0 1.82672 
1.56e+006 -491057 0 1.93223 
1.63e+006 -482888 0 1.69699 
1.52e+006 -443423 0 2.13586 
1.56e+006 -312309 0 2.47023 
1.48e+006 -312640 0 2.36199 
1.52e+006 -325318 0 2.55306 
1.54e+006 -406894 0 2.06967 
1.57e+006 -378164 0 2.0205 
1.49e+006 -385684 0 2.17217 
1.69e+006 -725206 0 1.53642 
1.68e+006 -660029 0 1.41273 
1.72e+006 -569677 0 1.44411 
1.66e+006 -605002 0 1.49401 
1.68e+006 -559316 0 1.58856 
1.62e+006 -582650 0 1.60402 
1.66e+006 -529506 0 1.58821 
1.58e+006 -539920 0 1.73125 
1.6e+006 -600670 0 1.72033 
1.43e+006 -382695 0 2.18799 
1.45e+006 -524700 0 2.12927 
1.42e+006 -476280 0 2.18882 
1.61e+006 -638602 0 1.36756 
1.56e+006 -587939 0 1.71501 
1.58e+006 -655648 0 1.50484 
1.56e+006 -699514 0 1.51976 
1.52e+006 -660619 0 1.67266 
1.51e+006 -608761 0 1.8592 
1.34e+006 -407852 0 2.10045 
1.32e+006 -476191 0 2.0477 
1.28e+006 -479158 0 0.811684 
1.52e+006 -518000 0 1.96195 
1.54e+006 -600623 0 1.61057 
1.49e+006 -553963 0 1.86638 
1.49e+006 -596265 0 1.85989 
1.41e+006 -550419 0 2.0168 
1.37e+006 -488939 0 1.83033 
1.3e+006 -544864 0 1.60426 
1.42e+006 -609764 0 2.20793 
1.37e+006 -616010 0 2.1114 
1.49e+006 -699792 0 1.72529 
1.47e+006 -722453 0 1.76755 
1.44e+006 -726261 0 2.02979 
1.42e+006 -674594 0 1.8842 
1.34e+006 -646357 0 2.15248 
1.27e+006 -748582 0 1.71926 
1.23e+006 -808239 0 1.76894 
1.16e+006 -780972 0 1.8924 
1.19e+006 -731227 0 2.11502 
1.12e+006 -730235 0 2.20469 
1.12e+006 -780028 0 1.91578 
1.23e+006 -367202 0 4.10822 
1.24e+006 -382038 0 3.68212 
1.24e+006 -400712 0 3.20214 
1.19e+006 -339143 0 3.04231 
1.14e+006 -391695 0 1.48487 
1.14e+006 -349014 0 2.02127 
1.16e+006 -416499 0 1.16656 
1.09e+006 -457705 0 2.16304 
1.03e+006 -450853 0 1.97855 
1.13e+006 -457273 0 0.876712 
1.07e+006 -550506 0 3.76405 
1.03e+006 -556763 0 1.71334 
1.06e+006 -668041 0 1.81919 
1.01e+006 -624253 0 0.762751 
996032 -667339 0 0.987744 
1.2e+006 -462554 0 6.78506 
1.12e+006 -585794 0 4.30424 
1.13e+006 -518862 0 1.39737 
1.22e+006 -488561 0 1.55709 
1.24e+006 -498834 0 1.30736 
1.23e+006 -543332 0 1.49074 
1.24e+006 -574389 0 2.30367 
1.17e+006 -593248 0 1.59075 
1.13e+006 -648419 0 3.97393 
1.44e+006 -775401 0 1.76432 
1.4e+006 -726369 0 1.85302 
1.34e+006 -774325 0 1.79271 
1.38e+006 -821860 0 1.68229 
1.33e+006 -832307 0 1.72777 
1.29e+006 -850709 0 1.6655 
1.29e+006 -936459 0 1.57602 
1.3e+006 -897300 0 1.554 
1.23e+006 -863412 0 1.67626 
1.18e+006 -883131 0 1.6856 
1.23e+006 -910827 0 1.67918 
1.17e+006 -911980 0 1.64976 
1.1e+006 -840588 0 1.77431 
1.16e+006 -839957 0 1.75146 
1.26e+006 -613382 0 2.07859 
1.28e+006 -659905 0 2.09303 
1.29e+006 -699519 0 1.91082 
1.21e+006 -659904 0 1.95551 
1.15e+006 -688904 0 2.69595 
1.09e+006 -705332 0 2.07872 
1.03e+006 -766950 0 1.64415 
1.01e+006 -732299 0 1.07056 
1.08e+006 -775748 0 1.82759 
987471 -797735 0 1.29576 
1.6e+006 -737793 0 1.63175 
1.61e+006 -758093 0 1.60806 
1.61e+006 -794186 0 1.61815 
1.5e+006 -818657 0 1.85098 
1.57e+006 -883795 0 1.62893 
1.53e+006 -888389 0 1.78856 
1.49e+006 -868481 0 1.85258 
1.56e+006 -827516 0 1.64611 
1.42e+006 -893697 0 1.80869 
1.5e+006 -939967 0 1.95207 
1.52e+006 -915888 0 1.83382 
1.44e+006 -922794 0 1.88399 
1.54e+006 -762184 0 1.6694 
1.49e+006 -780355 0 1.74661 
1.43e+006 -858828 0 1.70501 
1.37e+006 -872258 0 1.60405 
1.35e+006 -977676 0 1.88497 
1.43e+006 -960687 0 2.10865 
1.43e+006 -989771 0 2.39796 
1.33e+006 -953680 0 1.38091 
1.29e+006 -1.04e+006 0 3.10649 
1.22e+006 -1.05e+006 0 3.39803 
1.24e+006 -985736 0 2.1843 
1.18e+006 -1.01e+006 0 2.12037 
1.13e+006 -1.04e+006 0 1.97496 
1.11e+006 -1.09e+006 0 1.98529 
1.08e+006 -989115 0 1.68673 
1.22e+006 -955296 0 1.86313 
1.14e+006 -939175 0 1.58238 
1.12e+006 -972120 0 1.45061 
1.07e+006 -893030 0 1.66296 
1.03e+006 -838330 0 1.6243 
414465 283074 0 0.55636 
426077 252300 0 0.378296 
502995 252020 0 0.355531 
459535 163277 0 0.37165 
444426 209624 0 0.210285 
394390 202003 0 0.479432 
367219 171651 0 0.290655 
381975 129955 0 0.358982 
448426 110574 0 0.312122 
405705 85230.4 0 0.437142 
472570 68083.6 0 0.217163 
434007 41461.4 0 0.639434 
439808 3587.55 0 5.21659 
532102 26092.8 0 0.324284 
500951 111218 0 0.399425 
261667 44098.9 0 2.70494 
310855 53349.9 0 3.19061 
291828 -13479.4 0 2.44327 
351794 -16998.7 0 1.81332 
348967 61845.5 0 0.895377 
311913 -80454.6 0 2.38188 
436434 -58628.2 0 2.19916 
375577 -72662.8 0 2.2235 
465724 -134964 0 2.13284 
427725 -100234 0 2.22143 
500513 -99046.5 0 2.01764 
485958 -24416.1 0 0.55178 
604060 146459 0 0.677428 
645384 153957 0 0.905874 
548678 174096 0 2.51782 
521617 134178 0 0.717741 
574881 67389.2 0 0.350127 
585339 -12654.7 0 0.719229 
541935 -56158.3 0 0.905541 
656481 -47867.6 0 1.0928 
589731 -66645.7 0 0.972004 
691938 -37990.5 0 1.01414 
721607 -80664.4 0 0.567653 
739930 -11001.3 0 0.800986 
640523 -107215 0 0.976115 
691967 127836 0 0.317898 
779908 170757 0 0.347506 
749306 132997 0 1.15249 
736154 92813.2 0 0.836923 
670692 25728.1 0 1.8071 
711434 17862.7 0 1.14371 
640218 66781.1 0 0.699508 
710507 -138891 0 0.663893 
655590 -142864 0 0.875081 
752037 -205278 0 0.643007 
671519 -190496 0 0.912044 
800281 -249495 0 0.723664 
738421 -259312 0 0.813352 
813385 136126 0 0.745066 
806249 57754 0 0.901554 
804196 -40250.9 0 0.366012 
800139 -108970 0 0.376564 
796914 -147122 0 0.439156 
748716 -120225 0 0.504243 
780167 -338627 0 0.981231 
651643 -220928 0 0.959907 
763074 -307479 0 0.855943 
768225 -408941 0 0.740316 
557288 -325786 0 2.0871 
615463 -354540 0 1.3859 
688322 -402735 0 1.10315 
580747 -153713 0 1.17447 
565470 -177417 0 1.26283 
530979 -168106 0 1.46971 
560675 -219591 0 1.19139 
630466 -269931 0 1.05117 
726478 -323908 0 0.885943 
540878 -246551 0 1.78657 
627975 -313084 0 1.1966 
686371 -355659 0 1.02525 
903763 -193310 0 0.373034 
891556 -124725 0 0.504722 
834541 -215526 0 0.555213 
858693 -195093 0 0.432266 
859441 -289079 0 1.54337 
928175 -252229 0 2.39204 
854833 -332606 0 2.17052 
358043 -112935 0 2.30526 
433388 -193815 0 2.39696 
461228 -180849 0 2.25312 
505654 -329466 0 2.04494 
500553 -229726 0 1.97178 
444954 -286996 0 2.33531 
453589 -340638 0 2.38637 
527057 -387004 0 2.18715 
632945 -421038 0 1.5027 
703829 -479973 0 1.13019 
667071 -484958 0 1.32241 
680299 -514561 0 1.41325 
757259 -562475 0 1.47403 
664868 -538992 0 1.7602 
678133 -589341 0 2.02638 
730492 -576316 0 1.67447 
760173 -618943 0 2.01418 
828990 -630408 0 1.97095 
1.08e+006 -322219 0 2.40854 
1.04e+006 -388419 0 2.51488 
1.02e+006 -285597 0 4.21004 
991727 -270980 0 6.71199 
967148 -348284 0 4.19518 
958216 -199826 0 4.1624 
944830 -302139 0 4.25438 
895864 -364230 0 5.19089 
955904 -389375 0 3.22884 
846069 -456153 0 0.676608 
920366 -427352 0 1.95117 
829490 -413858 0 1.05418 
953750 -488482 0 1.10974 
908095 -546953 0 0.846714 
862889 -504903 0 0.820543 
920321 -471124 0 1.15836 
779065 -473572 0 0.845914 
815914 -550124 0 1.05146 
857681 -584349 0 1.1916 
854979 -678324 0 3.4785 
775670 -738720 0 2.28957 
753720 -712514 0 2.31134 
817713 -732438 0 2.28519 
908259 -760179 0 0.801807 
953290 -715868 0 0.974264 
886542 -796707 0 1.11978 
958074 -795420 0 1.11692 
972833 -533228 0 0.786535 
943865 -626690 0 0.694458 
909601 -608248 0 0.962978 
889397 -673186 0 1.80006 
901865 -1.01e+006 0 1.73974 
996020 -852869 0 1.52038 
984653 -897107 0 1.68115 
1.02e+006 -918767 0 1.77091 
994759 -946986 0 1.93319 
1e+006 -977078 0 2.05 
946959 -942266 0 1.87397 
1.03e+006 -1.05e+006 0 1.85334 
977922 -1e+006 0 2.39899 
944875 -1.02e+006 0 1.88894 
964942 -1.05e+006 0 1.60368 
920539 -1.05e+006 0 1.70563 
855865 -1.14e+006 0 1.83032 
945919 -846691 0 1.34452 
843075 -796136 0 1.44325 
871319 -1.05e+006 0 1.7456 
906055 -896593 0 1.60088 
834769 -1.04e+006 0 1.7528 
754575 -1.07e+006 0 2.24297 
822158 -993287 0 1.85416 
811508 -1.14e+006 0 2.02812 
831010 -1.1e+006 0 1.78882 
770377 -1.15e+006 0 2.24913 
757626 -1.12e+006 0 2.24264 
832618 -1.27e+006 0 2.08725 
983675 -1.1e+006 0 1.69845 
908926 -1.16e+006 0 1.77828 
961048 -1.14e+006 0 1.755 
918542 -1.09e+006 0 1.76072 
965424 -1.18e+006 0 1.82587 
915251 -1.26e+006 0 2.04017 
871461 -1.23e+006 0 1.99965 
872164 -1.34e+006 0 2.13085 
847529 -1.28e+006 0 2.09035 
596737 -1.13e+006 0 2.55971 
647109 -1.18e+006 0 2.2582 
607992 -1.2e+006 0 2.35994 
686504 -1.24e+006 0 2.61061 
729648 -1.3e+006 0 2.4743 
685003 -1.15e+006 0 2.28476 
741988 -1.23e+006 0 2.43134 
772184 -1.24e+006 0 2.14911 
684856 -1.32e+006 0 2.53617 
740247 -1.38e+006 0 2.53974 
766760 -1.49e+006 0 2.48319 
728890 -1.4e+006 0 2.61393 
693387 -1.4e+006 0 2.64889 
741577 -1.45e+006 0 2.70268 
784600 -1.47e+006 0 2.37878 
800706 -1.46e+006 0 2.24545 
785008 -1.32e+006 0 2.34883 
816186 -1.32e+006 0 2.2103 
823518 -1.38e+006 0 2.24589 
844864 -1.39e+006 0 2.21148 
975389 -1.24e+006 0 2.15231 
910982 -1.34e+006 0 2.12259 
887025 -1.41e+006 0 2.15774 
840536 -1.44e+006 0 2.16658 
864655 -1.46e+006 0 2.11325 
836423 -1.49e+006 0 2.06388 
848378 -1.57e+006 0 1.75992 
836525 -1.52e+006 0 1.95457 
877948 -1.53e+006 0 1.86893 
906319 -1.54e+006 0 1.82336 
910004 -1.59e+006 0 1.64388 
922997 -1.52e+006 0 1.91546 
834589 -1.58e+006 0 1.75413 
818327 -1.59e+006 0 1.6958 
763925 -1.55e+006 0 2.12082 
783287 -1.63e+006 0 1.53959 
732331 -1.58e+006 0 2.07234 
719108 -1.64e+006 0 1.36066 
681921 -1.59e+006 0 2.25868 
671333 -1.54e+006 0 3.43009 
638509 -1.59e+006 0 2.53715 
645262 -1.64e+006 0 1.94092 
1.06e+006 -1.7e+006 0 1.88589 
964142 -1.56e+006 0 1.86313 
960111 -1.59e+006 0 1.79356 
1e+006 -1.62e+006 0 1.7979 
950748 -1.65e+006 0 1.60817 
897057 -1.67e+006 0 1.3454 
-201822 425760 0 4.90427 
-152526 406898 0 4.78738 
-46489.3 330623 0 4.19958 
-3877.63 401565 0 3.57758 
-85798.1 393196 0 4.36971 
262885 109998 0 2.26807 
291946 92716.7 0 2.06411 
320080 182460 0 1.1162 
256710 185875 0 2.55218 
207699 134226 0 2.46819 
282353 208003 0 3.09539 
231416 258940 0 1.73095 
302178 256487 0 1.78913 
180090 292937 0 2.03765 
79269.6 371145 0 2.55485 
8012.62 320198 0 3.9158 
123924 283047 0 2.28563 
145061 206044 0 3.90113 
187382 211015 0 2.05477 
248238 297891 0 1.95174 
391599 347352 0 0.943518 
289685 334766 0 2.30817 
319434 379932 0 1.36045 
324682 313494 0 1.5232 
234251 342722 0 1.99535 
184514 337099 0 2.07323 
168744 362081 0 2.14102 
252595 368977 0 1.92578 
166159 394345 0 2.14199 
225088 409675 0 1.90984 
257299 424023 0 1.61669 
112816 430577 0 2.26981 
309155 429619 0 1.4314 
629936 358949 0 1.9514 
560414 356156 0 1.13579 
518587 403769 0 1.08777 
442778 403412 0 1.02538 
515720 350448 0 0.861797 
460583 341719 0 0.722267 
393916 398234 0 1.09201 
386440 419644 0 1.1675 
362449 449071 0 1.28384 
-1.01e+006 524584 0 0.640351 
-988140 508308 0 0.671829 
-998622 50933.7 0 1.52647 
-992232 96950.5 0 1.65032 
-947493 90925.4 0 1.19863 
-1.02e+006 153260 0 2.63206 
-932946 159328 0 1.9393 
-935109 201838 0 2.68739 
-913709 93567 0 0.920523 
-870308 114614 0 1.11559 
-892376 229433 0 2.12514 
-860487 331635 0 1.3491 
-848647 262403 0 1.70955 
-926512 358464 0 1.15339 
-816622 300526 0 1.47388 
-947083 445212 0 0.460587 
-933467 483828 0 0.561189 
-846171 431930 0 0.858253 
-843849 466573 0 0.904928 
-886629 387206 0 0.901949 
-723935 361785 0 1.45197 
-770128 323234 0 1.47646 
-747045 277200 0 1.6301 
-573223 325639 0 2.53596 
-525396 277823 0 2.73625 
-488130 244257 0 3.45418 
-736745 201606 0 1.73817 
-624540 213110 0 2.39136 
-658125 243917 0 1.891 
-664863 272619 0 1.8087 
-607713 280408 0 2.32308 
-952845 506987 0 0.612575 
-742653 458028 0 1.35509 
-732036 484913 0 1.38134 
-649403 426611 0 1.67183 
-747422 412356 0 1.40215 
-777532 462550 0 1.20105 
-700623 471388 0 1.51485 
-674460 468154 0 1.5353 
-647836 389812 0 1.73438 
-614510 454370 0 1.82342 
-564948 455704 0 2.00507 
-509492 382328 0 2.70091 
-535189 443692 0 2.51314 
-575451 376390 0 2.08469 
-507304 442858 0 2.63208 
-471377 414497 0 2.86813 
-435318 360948 0 3.50566 
-407672 298595 0 4.08743 
-400162 417363 0 3.64563 
-437800 430176 0 3.19009 
-337209 350064 0 4.23042 
-342799 409435 0 3.96289 
-295635 430337 0 4.91336 
-813585 14969.5 0 0.770222 
-802322 119078 0 1.27918 
-820598 162663 0 1.43615 
-706876 126248 0 1.96742 
-759527 86324.2 0 1.46895 
-727377 48602.2 0 1.78139 
-634552 147123 0 2.59847 
-655155 93159.9 0 2.69809 
-752106 -133253 0 1.5045 
-735395 -178914 0 1.77296 
-717356 -212211 0 1.96062 
-642734 -200146 0 1.98507 
-671027 -156778 0 2.23602 
-618287 -156271 0 2.825 
-667803 -89540.5 0 2.59935 
-596227 -81821.3 0 2.88871 
-716960 -55177.4 0 1.83144 
-631098 10501.4 0 4.59518 
-689154 -25178.5 0 2.60857 
-772152 -12351.8 0 1.06028 
-761140 -46676.4 0 1.20691 
-688726 11670.4 0 2.63695 
-597518 96882.5 0 2.9899 
-586108 50511.7 0 2.88573 
-543167 14744.3 0 1.87177 
-467179 97328 0 3.56351 
-558752 -119583 0 2.87504 
-485670 -78060.5 0 3.93941 
-561249 -170565 0 2.78342 
-510078 -161809 0 3.41343 
-527199 -67783.1 0 3.02703 
-527627 -28951.2 0 2.61771 
-451439 28414.3 0 3.93864 
-422788 -5266.25 0 5.06156 
-394658 118254 0 4.55914 
-422841 103555 0 4.23368 
-506478 176259 0 3.24798 
-547220 209583 0 3.37821 
-522567 99490.9 0 2.8566 
-349581 262213 0 4.07016 
-360990 161848 0 4.53652 
-182353 340740 0 4.29041 
-263258 391032 0 4.67736 
-339747 60687.4 0 6.50501 
-347130 79659.5 0 5.7795 
-278229 196899 0 4.5684 
-306752 226009 0 4.29042 
-233474 288603 0 4.35413 
-455098 -156645 0 4.2068 
-447782 -181370 0 4.60394 
-394157 -139319 0 7.8391 
-369736 -200349 0 7.03459 
-414799 -201002 0 5.38565 
-309307 -179191 0 13.4341 
-340504 -119705 0 13.9991 
-313023 -218059 0 8.7232 
-259485 -142529 0 33.0225 
-269644 -101796 0 42.1153 
-224196 -92050 0 115.601 
-142510 -54493.3 0 23.3792 
-185424 -16087.8 0 15.6812 
-402836 -76045.5 0 7.01182 
-273008 -31297.5 0 21.4319 
-322811 -53880.8 0 15.7185 
-67937.5 258961 0 4.69148 
-37518.3 105948 0 7.62558 
4153.2 207615 0 4.85654 
8609.14 141786 0 6.87955 
-38422.7 -12054.6 0 58.1206 
32010.7 80415 0 10.6699 
-170719 247169 0 4.42059 
-204756 204765 0 4.51275 
-118174 193494 0 4.74366 
-180927 159985 0 4.59448 
-177128 129414 0 4.63076 
-84774 151466 0 5.23432 
-242210 115013 0 5.32763 
-240645 76912.4 0 6.56934 
-124915 79958.9 0 4.28356 
-271955 21516.6 0 11.0764 
-218768 34803.5 0 8.70126 
-122390 27810.6 0 3.18751 
59127.1 -144293 0 9.28011 
-99924.1 -97191.9 0 25.3659 
16894.6 -41830.1 0 25.7075 
-4287.96 -115346 0 18.0643 
75572.4 -96216.9 0 11.1478 
-226721 -207199 0 14.3371 
-122846 -157409 0 19.6363 
-98831.4 -193564 0 11.5646 
-11588.8 -157136 0 12.4687 
81630.6 -221056 0 6.00673 
-320337 -263695 0 5.24561 
-207295 -276148 0 5.32059 
-34936.6 -255568 0 4.5361 
-121075 -266978 0 4.54636 
782.719 -215919 0 6.66003 
123841 -263880 0 4.15214 
52380.7 279020 0 3.76233 
59577.4 245787 0 4.02822 
127924 157154 0 4.48347 
97215.6 117822 0 6.18355 
159728 52717.7 0 6.41936 
143601 -42583.9 0 7.60363 
49933.4 38440.6 0 13.1868 
83924.2 27888.6 0 10.983 
74905.6 -32431.2 0 13.9685 
197877 47755.6 0 5.59741 
167151 -149121 0 5.55597 
192562 -239929 0 3.83702 
228712 -169233 0 2.74967 
208226 -66296.4 0 5.37069 
205430 -22562.9 0 5.4735 
245286 -36906 0 4.70517 
272603 -155560 0 2.64108 
318697 -152742 0 2.5836 
-534005 -465120 0 1.16516 
-567342 -374863 0 1.66237 
-563396 -290964 0 2.85301 
-518019 -334141 0 2.35946 
-502990 -290907 0 2.65417 
-645235 -247701 0 2.01173 
-515229 -225707 0 2.99393 
-422128 -260772 0 3.73055 
-282077 -340691 0 3.04768 
-489797 -398226 0 1.60803 
-433407 -326960 0 2.56258 
-379607 -364981 0 2.44015 
-301710 -376201 0 2.46093 
-129891 -397070 0 1.28713 
-498242 -638115 0 1.42412 
-452721 -608205 0 2.13881 
-390191 -548852 0 1.6226 
-470697 -566368 0 3.25583 
-453580 -531721 0 1.25126 
-452141 -496206 0 1.07534 
-447508 -459864 0 1.21035 
-407931 -450086 0 1.50368 
-386616 -443682 0 1.66686 
-375249 -585016 0 1.78025 
-354514 -592702 0 1.72839 
-284169 -489731 0 1.34271 
-308015 -569366 0 1.66296 
-319192 -467896 0 1.83462 
-381063 -406086 0 1.92744 
-281030 -412422 0 2.06534 
-307346 -429903 0 1.99188 
-142730 -433400 0 1.14073 
5883.2 -451384 0 2.72626 
79103.4 -465807 0 3.12177 
163534 -426341 0 3.313 
221719 -380919 0 3.30746 
308259 -416042 0 4.4373 
278307 -438821 0 5.864 
-112360 -323054 0 2.03144 
-103103 -353226 0 1.30908 
61497.5 -391620 0 4.23918 
14272 -414383 0 2.89935 
35392.6 -400468 0 3.41534 
-47586 -311371 0 2.52221 
93074.6 -380307 0 1.60255 
22889.9 -314872 0 2.49379 
184197 -386652 0 3.35713 
114038 -356035 0 4.34831 
110456 -304780 0 3.98079 
196100 -299712 0 3.42825 
255332 -353051 0 2.60312 
255444 -305722 0 2.65316 
318667 -317539 0 2.84344 
323770 -218789 0 2.70547 
372081 -207999 0 2.57615 
324955 -275375 0 2.70525 
368075 -276507 0 2.78905 
342432 -388978 0 3.66765 
376933 -321934 0 2.96278 
349616 -442902 0 3.87178 
388703 -391011 0 3.07518 
413849 -393662 0 2.94941 
370216 -477115 0 3.56801 
397852 -512345 0 3.26498 
327740 -483639 0 4.06758 
334584 -548163 0 3.22325 
344103 -523495 0 3.44585 
434426 -414097 0 2.84294 
430015 -482046 0 3.02788 
433806 -592447 0 2.84121 
462438 -538368 0 3.14861 
442786 -486283 0 3.07412 
-245254 -586611 0 1.47552 
-219921 -531809 0 1.42759 
-212919 -609023 0 1.48211 
-88423.1 -527357 0 1.80577 
-164559 -495356 0 1.58876 
-152423 -469259 0 1.39985 
-81943.5 -480421 0 1.69525 
-49548.8 -477727 0 2.04366 
16839.8 -513332 0 2.25051 
-100552 -606804 0 1.83528 
-9120.6 -559528 0 1.99533 
-154485 -616516 0 1.52718 
-138827 -592285 0 1.51589 
-35434.4 -552658 0 1.90183 
-17813.3 -584241 0 1.92267 
117075 -541904 0 3.01202 
217093 -601712 0 2.87055 
-164872 -668535 0 1.49205 
-204614 -653581 0 1.49441 
-42946.9 -688774 0 1.94134 
-135787 -697413 0 1.5612 
-58428.6 -665248 0 1.95989 
98756.3 -696184 0 2.2526 
30210.7 -671099 0 2.17259 
230394 -685255 0 2.47336 
26443.5 -652229 0 2.02334 
159369 -665880 0 2.45635 
-51.9095 -602438 0 1.96177 
91611.4 -582673 0 2.54572 
-16185 -627495 0 1.87721 
87384.8 -622767 0 2.41772 
176384 -627265 0 2.64276 
285115 -658654 0 2.54755 
338781 -634728 0 2.53856 
377037 -599547 0 2.64602 
414425 -646454 0 2.10514 
207164 -435033 0 3.80412 
268295 -504966 0 4.14649 
185865 -471286 0 3.53243 
226290 -496311 0 3.82619 
293674 -583542 0 3.05515 
157653 -513571 0 3.03497 
241666 -556686 0 3.30816 
498403 -521358 0 3.05753 
524733 -472028 0 2.59139 
577752 -532618 0 2.5746 
589389 -455174 0 1.91381 
615007 -544819 0 2.36005 
634439 -573962 0 2.37666 
389692 -705769 0 2.3428 
461124 -721863 0 2.51484 
460890 -761045 0 2.41838 
471287 -789508 0 2.41234 
539500 -757745 0 2.73297 
558244 -811740 0 2.64606 
593930 -785591 0 2.60791 
518188 -703502 0 3.00929 
625373 -735402 0 2.40025 
622367 -777346 0 2.35264 
679915 -719009 0 2.32481 
670315 -805179 0 2.16109 
708174 -805604 0 2.08821 
711229 -741272 0 2.20287 
517971 -623644 0 4.34443 
662832 -655322 0 2.44528 
594114 -677562 0 2.91562 
559159 -651942 0 3.41044 
770712 -657232 0 2.37464 
567733 -954465 0 2.50408 
591921 -869093 0 2.49374 
638299 -910616 0 2.34139 
729660 -972752 0 2.13997 
641202 -977686 0 2.22896 
693629 -889093 0 2.23877 
824940 -836674 0 1.53928 
780641 -844678 0 1.86831 
807872 -904511 0 1.77533 
755805 -911925 0 1.85982 
766279 -879663 0 1.88841 
759722 -949326 0 2.06776 
792033 -1e+006 0 1.96134 
713479 -1.01e+006 0 2.1043 
-513647 -691907 0 1.40117 
-436555 -724502 0 1.41865 
-416144 -678622 0 1.5907 
-387060 -686338 0 1.56418 
-352817 -739189 0 1.44173 
-432127 -794215 0 1.2916 
-388254 -806889 0 1.32103 
-333862 -705561 0 1.49242 
-254076 -758107 0 1.41376 
-362266 -843574 0 1.30854 
-270101 -674489 0 1.46536 
-293270 -678960 0 1.4867 
-242843 -816069 0 1.3854 
-125871 -767118 0 1.54831 
-146665 -722840 0 1.48808 
-57147.3 -803956 0 1.91414 
54258.3 -782979 0 1.9819 
-7870.04 -755253 0 1.84188 
1869.18 -779316 0 1.99431 
-28677.2 -722458 0 1.90195 
57242.3 -725228 0 2.11616 
83833.3 -791125 0 1.99665 
165010 -772130 0 2.18162 
138661 -728719 0 2.23822 
206799 -752820 0 2.28694 
219920 -802784 0 2.22225 
152504 -792496 0 2.09907 
141960 -813805 0 2.03301 
219717 -829499 0 2.20177 
270441 -781943 0 2.31504 
277264 -827708 0 2.49547 
-308371 -885939 0 1.32646 
-203926 -881750 0 1.37546 
-165587 -850071 0 1.45621 
-214695 -846839 0 1.38058 
-182976 -818275 0 1.46824 
-89310.3 -873783 0 1.46734 
-45914.2 -843743 0 1.74394 
17699.8 -866493 0 1.74409 
85677.4 -927764 0 1.59821 
185039 -992031 0 2.20226 
278473 -986975 0 2.78283 
284582 -877559 0 2.55704 
89708.2 -877891 0 1.74562 
110197 -856838 0 1.85215 
186792 -905397 0 2.17829 
195613 -863391 0 2.15502 
270777 -943346 0 2.58357 
354377 -783352 0 2.41469 
334485 -800933 0 2.41594 
396752 -881804 0 2.52198 
345716 -835316 0 2.67191 
399318 -971435 0 2.792 
344163 -887301 0 2.71464 
341889 -940633 0 2.67997 
325287 -709044 0 2.4072 
257505 -736214 0 2.36194 
301145 -730313 0 2.3713 
392609 -770944 0 2.37871 
433387 -834202 0 2.32511 
463322 -903479 0 2.66334 
506510 -853853 0 2.43276 
511905 -914382 0 2.59045 
442039 -947278 0 2.69843 
-412375 -905339 0 1.22041 
-449866 -928699 0 1.11145 
-412406 -988724 0 1.13823 
-458031 -997321 0 1.11081 
-417823 -1.06e+006 0 1.15892 
-344098 -1.06e+006 0 1.34244 
-347604 -991945 0 1.39528 
-335658 -1.1e+006 0 1.5165 
-265513 -1.06e+006 0 1.53975 
-283834 -996525 0 1.45327 
-261150 -970200 0 1.46165 
-307481 -954103 0 1.42377 
-185019 -1.05e+006 0 1.64066 
-85053.6 -1.02e+006 0 1.49474 
72787.6 -1.01e+006 0 1.66831 
243331 -1.09e+006 0 2.65368 
277009 -1.09e+006 0 2.92618 
396028 -1.1e+006 0 2.97594 
-222708 -921917 0 1.47588 
-97393.6 -909187 0 1.50773 
-187995 -956107 0 1.47946 
-144415 -979138 0 1.49154 
-26612.6 -932674 0 1.55201 
-64362 -976017 0 1.59075 
7699.01 -965248 0 1.50524 
61388.5 -956199 0 1.40412 
315530 -1.07e+006 0 3.39962 
310517 -1.03e+006 0 3.1461 
368789 -1e+006 0 2.97951 
428153 -1.03e+006 0 2.73109 
489385 -983891 0 2.60797 
478452 -1.05e+006 0 2.59152 
491331 -1.1e+006 0 2.85891 
545907 -1.03e+006 0 2.51145 
601756 -1.04e+006 0 2.48803 
663926 -1.06e+006 0 2.50531 
582935 -1.08e+006 0 2.61269 
699893 -1.05e+006 0 2.11983 
607568 -1.1e+006 0 2.69972 
709975 -1.12e+006 0 2.36444 
-258310 -1.13e+006 0 1.66279 
-228987 -1.1e+006 0 1.65587 
-131932 -1.13e+006 0 1.52277 
-172175 -1.15e+006 0 1.74431 
-46331.9 -1.15e+006 0 1.76282 
-83121.6 -1.1e+006 0 1.62066 
8021.76 -1.13e+006 0 1.7536 
-97074.9 -1.07e+006 0 1.50951 
2112.66 -1.07e+006 0 1.68676 
75786 -1.12e+006 0 1.93823 
10101.5 -1.1e+006 0 1.72384 
23256.2 -1.17e+006 0 1.84927 
105478 -1.2e+006 0 1.98205 
-83952.1 -1.19e+006 0 1.84361 
-72160.9 -1.22e+006 0 1.87293 
32084.4 -1.21e+006 0 1.85351 
217060 -1.22e+006 0 2.09773 
145922 -1.14e+006 0 2.21984 
119986 -1.17e+006 0 1.99416 
-9698.7 -1.24e+006 0 1.85292 
-11924.4 -1.26e+006 0 1.86839 
107088 -1.24e+006 0 2.07094 
64967.6 -1.23e+006 0 1.97204 
177396 -1.17e+006 0 2.15456 
140297 -1.26e+006 0 2.06431 
286660 -1.23e+006 0 2.21302 
17664.5 -1.04e+006 0 1.63453 
128023 -1.08e+006 0 2.10226 
238139 -1.15e+006 0 2.3948 
302489 -1.19e+006 0 2.45685 
367763 -1.24e+006 0 2.56512 
331771 -1.19e+006 0 2.57779 
365395 -1.16e+006 0 2.81257 
339758 -1.17e+006 0 2.69962 
428412 -1.16e+006 0 2.81899 
491321 -1.24e+006 0 2.7289 
465417 -1.18e+006 0 2.65357 
503129 -1.16e+006 0 2.6954 
539134 -1.2e+006 0 2.62662 
582546 -1.27e+006 0 2.68594 
618319 -1.39e+006 0 2.93845 
627882 -1.32e+006 0 2.70414 
601196 -1.35e+006 0 2.84142 
606285 -1.29e+006 0 2.6933 
609864 -1.41e+006 0 3.01328 
678790 -1.46e+006 0 3.01346 
670300 -1.4e+006 0 2.73303 
650004 -1.38e+006 0 2.85424 
395602 -1.28e+006 0 2.73851 
499015 -1.27e+006 0 2.78417 
443820 -1.3e+006 0 2.82186 
570368 -1.36e+006 0 2.92648 
480986 -1.32e+006 0 2.86175 
536342 -1.33e+006 0 2.88734 
490896 -1.35e+006 0 2.93539 
379367 -1.34e+006 0 3.05846 
503576 -1.39e+006 0 3.09176 
414490 -1.33e+006 0 2.99036 
589381 -1.46e+006 0 3.19789 
613107 -1.56e+006 0 2.88139 
431023 -1.43e+006 0 3.23122 
492449 -1.51e+006 0 3.35227 
565838 -1.57e+006 0 2.71173 
480811 -1.44e+006 0 3.20604 
543538 -1.49e+006 0 3.22346 
538022 -1.58e+006 0 2.68261 
537744 -1.62e+006 0 2.28324 
188649 -1.3e+006 0 2.04473 
249519 -1.36e+006 0 2.28026 
271540 -1.29e+006 0 1.84846 
241367 -1.3e+006 0 1.98391 
328592 -1.38e+006 0 3.75709 
325776 -1.31e+006 0 2.57361 
366701 -1.38e+006 0 3.40175 
318646 -1.44e+006 0 2.83686 
301804 -1.41e+006 0 2.6384 
390807 -1.47e+006 0 3.09007 
437412 -1.55e+006 0 3.88369 
508009 -1.64e+006 0 2.11316 
426504 -1.61e+006 0 2.93282 
418671 -1.64e+006 0 2.62662 
464711 -1.61e+006 0 2.74037 
446075 -1.67e+006 0 2.35926 
575288 -1.66e+006 0 2.04901 
537690 -1.68e+006 0 2.03868 
491829 -1.66e+006 0 2.16599 
475001 -1.72e+006 0 2.16674 
448076 -1.73e+006 0 2.22129 
-285168 -1.22e+006 0 1.75736 
-234929 -1.2e+006 0 1.76231 
-151577 -1.28e+006 0 2.08679 
-152905 -1.32e+006 0 2.11961 
-221037 -1.17e+006 0 1.74563 
-144284 -1.23e+006 0 1.97191 
-74344.8 -1.29e+006 0 1.87037 
49945.7 -1.29e+006 0 1.86847 
-3724.86 -1.38e+006 0 1.85319 
17108.4 -1.34e+006 0 1.87641 
85226.5 -1.34e+006 0 1.91415 
81303.6 -1.38e+006 0 1.94203 
163084 -1.36e+006 0 2.06895 
244264 -1.44e+006 0 2.38815 
242343 -1.49e+006 0 2.40071 
200764 -1.45e+006 0 2.27126 
323514 -1.56e+006 0 2.73966 
306268 -1.62e+006 0 2.58161 
353224 -1.53e+006 0 2.9744 
390311 -1.69e+006 0 2.40379 
162704 -1.46e+006 0 2.20893 
189658 -1.51e+006 0 2.29838 
185810 -1.54e+006 0 2.30056 
275853 -1.56e+006 0 2.51427 
229958 -1.59e+006 0 2.33696 
-273843 -1.28e+006 0 1.99496 
-119818 -1.37e+006 0 2.13934 
-286956 -1.35e+006 0 2.05265 
-210355 -1.39e+006 0 2.17377 
-219062 -1.45e+006 0 2.18345 
-168486 -1.39e+006 0 2.15325 
-117887 -1.42e+006 0 1.81835 
-50390.1 -1.44e+006 0 1.85233 
1649.24 -1.45e+006 0 1.88682 
-67389.4 -1.54e+006 0 1.86816 
-137789 -1.5e+006 0 1.83413 
-95500.8 -1.47e+006 0 1.84056 
-13034.2 -1.51e+006 0 1.8697 
68291.9 -1.5e+006 0 1.93916 
91071.1 -1.45e+006 0 1.94989 
51232.6 -1.45e+006 0 1.904 
31566.2 -1.56e+006 0 1.91076 
44097.7 -1.54e+006 0 1.92042 
144526 -1.53e+006 0 2.22682 
-15499.2 -1.61e+006 0 1.87706 
-2020.89 -1.64e+006 0 1.88371 
76525.9 -1.6e+006 0 1.95294 
195495 -1.62e+006 0 2.23545 
129279 -1.63e+006 0 2.00535 
280091 -1.66e+006 0 2.43396 
365572 -1.73e+006 0 2.29238 
391010 -1.72e+006 0 2.37526 
413363 -1.77e+006 0 2.25288 
297589 -1.74e+006 0 2.28533 
327532 -1.73e+006 0 2.30893 
98035 -1.67e+006 0 1.9562 
232595 -1.72e+006 0 2.28724 
203023 -1.68e+006 0 2.30376 
273096 -1.79e+006 0 2.22569 
153664 -1.72e+006 0 2.23111 
106251 -1.71e+006 0 1.94314 
220033 -1.78e+006 0 2.22135 
171865 -1.72e+006 0 2.24464 
369078 -1.78e+006 0 2.29849 
320635 -1.8e+006 0 2.20593 
328758 -1.84e+006 0 2.29172 
316171 -1.85e+006 0 2.15965 
292510 -1.86e+006 0 2.16594 
247524 -1.83e+006 0 2.1874 
239716 -1.86e+006 0 2.17051 
-2174.93 -1.69e+006 0 1.87756 
-28655.9 -1.7e+006 0 1.86389 
31216.6 -1.82e+006 0 1.86313 
-12907.6 -1.78e+006 0 1.85687 
103131 -1.88e+006 0 2.15862 
43658.9 -1.74e+006 0 1.89031 
78692.1 -1.73e+006 0 1.91353 
111070 -1.82e+006 0 2.17493 
116310 -1.79e+006 0 2.18857 
155339 -1.79e+006 0 2.20096 
197066 -1.86e+006 0 2.17236 
257320 -1.89e+006 0 2.15445 
254386 -1.91e+006 0 2.14725 
264102 -1.94e+006 0 2.13778 
177286 -1.92e+006 0 2.15285 
206541 -1.96e+006 0 2.14082 
149317 -1.96e+006 0 2.14256 
191092 -2.01e+006 0 2.13298 
221172 -2.07e+006 0 2.12344 
-613672 -782516 0 1.89103 
-520091 -832368 0 1.25739 
-513201 -773080 0 1.30573 
-556933 -754973 0 1.25464 
-556206 -860205 0 1.15889 
-514366 -933398 0 1.04683 
-582424 -924100 0 0.962599 
-561301 -1.03e+006 0 1.08105 
-611616 -1.01e+006 0 1.09042 
-618331 -1.14e+006 0 1.15052 
-644641 -1.06e+006 0 1.13949 
-676260 -1e+006 0 1.44237 
-741039 -1.11e+006 0 1.32658 
-704470 -1.07e+006 0 1.527 
-738688 -1.19e+006 0 1.34 
-687831 -1.15e+006 0 1.1598 
-607051 -1.22e+006 0 1.17584 
-681285 -1.24e+006 0 1.17251 
-708054 -1.29e+006 0 1.17644 
-663270 -1.38e+006 0 1.26044 
-643753 -1.32e+006 0 1.19759 
-801906 -1.44e+006 0 1.35224 
-731631 -1.37e+006 0 1.34313 
-569414 -1.47e+006 0 1.49606 
-468393 -1.6e+006 0 1.8149 
-394308 -1.65e+006 0 1.5584 
-389697 -1.72e+006 0 1.56461 
-358767 -1.69e+006 0 1.56715 
-313052 -1.74e+006 0 1.68552 
-308915 -1.67e+006 0 1.68128 
-330565 -1.69e+006 0 1.57179 
-204656 -1.68e+006 0 1.83921 
-268165 -1.66e+006 0 1.68794 
-213225 -1.65e+006 0 1.83557 
-233798 -1.62e+006 0 1.82863 
-142322 -1.69e+006 0 1.85309 
-91302 -1.6e+006 0 1.86549 
-98299.8 -1.68e+006 0 1.83818 
-66760 -1.67e+006 0 1.85001 
-551884 -1.12e+006 0 1.13877 
-512677 -1.14e+006 0 1.15733 
-577651 -1.31e+006 0 1.25674 
-485404 -1.48e+006 0 1.48264 
-464427 -1.07e+006 0 1.13723 
-484291 -1.11e+006 0 1.14648 
-417230 -1.19e+006 0 1.25077 
-360991 -1.14e+006 0 1.53399 
-472652 -1.23e+006 0 1.25132 
-494965 -1.2e+006 0 1.18288 
-399688 -1.3e+006 0 1.57902 
-485212 -1.27e+006 0 1.26288 
-474118 -1.31e+006 0 1.35528 
-502275 -1.33e+006 0 1.35846 
-408372 -1.38e+006 0 1.47003 
-322775 -1.5e+006 0 1.79538 
-428277 -1.45e+006 0 1.7692 
-360339 -1.55e+006 0 1.55259 
-396701 -1.52e+006 0 1.80214 
-350762 -1.57e+006 0 1.55725 
-329912 -1.59e+006 0 1.56366 
-286465 -1.44e+006 0 1.78477 
-174242 -1.59e+006 0 1.83827 
-255969 -1.58e+006 0 1.68355 
-208147 -1.6e+006 0 1.83155 
-140781 -1.59e+006 0 1.84728 
-59100 -1.74e+006 0 1.84771 
14960 -1.88e+006 0 1.84503 
86644.9 -1.98e+006 0 2.13997 
124541 -2.05e+006 0 2.13244 
170036 -2.09e+006 0 2.12678 
-587693 -545254 0 0.910213 
-527197 -573140 0 0.561126 
-568161 -579701 0 0.822006 
-602019 -612091 0 1.34645 
-703100 -592441 0 2.85736 
-716753 -572477 0 2.91451 
-585007 -660191 0 1.55754 
-637530 -707957 0 2.98858 
-582021 -713136 0 1.68049 
-648479 -644193 0 2.52017 
-719768 -656012 0 4.17434 
-687334 -710528 0 6.04305 
-799022 -611900 0 4.09392 
-757757 -750600 0 3.83026 
-729065 -726776 0 4.6362 
-779302 -664688 0 4.28417 
-831796 -692647 0 3.61728 
-835854 -207144 0 2.02183 
-789017 -193073 0 1.77932 
-814349 -293721 0 3.30441 
-769486 -262200 0 2.43847 
-741028 -346185 0 2.76976 
-798328 -401198 0 4.36752 
-851556 -340032 0 5.84232 
-886084 -338073 0 7.37614 
-726835 -406313 0 2.71879 
-663525 -306594 0 2.08369 
-605214 -478592 0 1.34908 
-689804 -470655 0 2.15038 
-655967 -415963 0 1.85973 
-648466 -372445 0 2.14959 
-664665 -519962 0 1.88487 
-708721 -534983 0 2.61253 
-769255 -519870 0 3.68243 
-778057 -469412 0 3.71293 
-808720 -441652 0 4.64802 
-872886 -453359 0 6.95556 
-923297 -477907 0 6.91592 
-862719 -536425 0 4.7494 
-826332 -558138 0 4.40734 
-920067 -545829 0 4.81674 
-872068 -640878 0 4.09213 
-934311 -603940 0 3.66487 
-918430 -748947 0 2.58528 
-965462 -635831 0 3.13425 
-989007 -679402 0 2.70633 
-914014 -694261 0 2.96484 
-1e+006 -743201 0 2.296 
-1.01e+006 -821827 0 1.89697 
-1.06e+006 -788192 0 1.8358 
-656734 -860501 0 1.72325 
-644572 -821528 0 1.95479 
-664268 -925424 0 1.44487 
-694454 -814803 0 2.5548 
-764644 -864927 0 2.26302 
-749490 -951296 0 1.7166 
-759661 -829970 0 2.62931 
-836616 -809450 0 2.56431 
-778936 -804526 0 2.81306 
-806716 -770966 0 3.08752 
-864696 -904548 0 1.85992 
-913831 -818243 0 2.23317 
-1.07e+006 -874974 0 1.50032 
-1.17e+006 -897454 0 2.04579 
-1.12e+006 -825502 0 1.65305 
-1.12e+006 -944675 0 1.25426 
-1.27e+006 -884016 0 2.35808 
-1.24e+006 -846571 0 2.68426 
-1.26e+006 -952654 0 2.1407 
-1.17e+006 -763951 0 3.14352 
-1.18e+006 -824630 0 2.78497 
-1.25e+006 -783650 0 2.94585 
-1.32e+006 -631153 0 4.53869 
-1.32e+006 -797763 0 2.77801 
-1.27e+006 -712105 0 3.52422 
-1.3e+006 -927808 0 2.25195 
-1.37e+006 -842958 0 2.36764 
-859164 -1.16e+006 0 1.44269 
-893323 -1.11e+006 0 1.35446 
-804411 -1.14e+006 0 1.43812 
-806280 -1.08e+006 0 1.45203 
-931294 -1.13e+006 0 1.24379 
-804533 -1.01e+006 0 1.53967 
-878920 -1.05e+006 0 1.38062 
-990246 -1.06e+006 0 1.08548 
-885090 -1.03e+006 0 1.41703 
-983248 -1.1e+006 0 1.05683 
-899373 -1.01e+006 0 1.43533 
-949376 -948895 0 1.56977 
-928087 -952260 0 1.54245 
-939031 -994090 0 1.43001 
-1.04e+006 -1.03e+006 0 1.00901 
-1.04e+006 -957461 0 1.27274 
-967179 -944890 0 1.54499 
-983968 -901648 0 1.70664 
-1.33e+006 -1e+006 0 2.09458 
-1.36e+006 -969923 0 2.19871 
-1.29e+006 -1.01e+006 0 2.02686 
-1.36e+006 -1.15e+006 0 2.2912 
-1.28e+006 -1.14e+006 0 1.47291 
-1.32e+006 -1.16e+006 0 1.40096 
-1.37e+006 -1.24e+006 0 2.54051 
-1.36e+006 -1.27e+006 0 1.52274 
-1.23e+006 -1.02e+006 0 1.3144 
-1.22e+006 -1.05e+006 0 1.22805 
-1.2e+006 -1.08e+006 0 1.11588 
-1.27e+006 -1.08e+006 0 1.38829 
-768799 -1.26e+006 0 1.29583 
-830833 -1.31e+006 0 1.4619 
-823922 -1.38e+006 0 1.31699 
-832608 -1.23e+006 0 1.38622 
-923162 -1.27e+006 0 1.23754 
-883022 -1.37e+006 0 1.37727 
-971211 -1.23e+006 0 1.23232 
-1.06e+006 -1.25e+006 0 1.03779 
-931014 -1.37e+006 0 1.3486 
-975530 -1.42e+006 0 1.24104 
-989396 -1.32e+006 0 1.16643 
-1.04e+006 -1.4e+006 0 1.25259 
-1.01e+006 -1.37e+006 0 1.22984 
-1.11e+006 -1.28e+006 0 1.22858 
-1.08e+006 -1.38e+006 0 1.23156 
-1.11e+006 -1.34e+006 0 1.18937 
-1.14e+006 -1.31e+006 0 1.41704 
-902552 -1.21e+006 0 1.39059 
-914949 -1.18e+006 0 1.32486 
-999704 -1.18e+006 0 1.03717 
-948824 -1.16e+006 0 1.1758 
-1.04e+006 -1.15e+006 0 0.871618 
-1.1e+006 -1.19e+006 0 0.965382 
-1.16e+006 -999562 0 1.14657 
-1.1e+006 -1.05e+006 0 0.869422 
-1.07e+006 -1.13e+006 0 0.742742 
-1.18e+006 -1.24e+006 0 1.29782 
-1.13e+006 -1.13e+006 0 0.923859 
-1.18e+006 -1.14e+006 0 1.07621 
-1.23e+006 -1.16e+006 0 1.19402 
-1.29e+006 -1.24e+006 0 1.42352 
-1.22e+006 -1.29e+006 0 1.33862 
-1.25e+006 -1.31e+006 0 1.40669 
-1.15e+006 -1.37e+006 0 1.55419 
-1.22e+006 -1.36e+006 0 1.4298 
-1.28e+006 -1.32e+006 0 1.47825 
-1.09e+006 -1.43e+006 0 1.29102 
-922558 -1.43e+006 0 1.29309 
-884004 -1.46e+006 0 1.23706 
-849994 -1.46e+006 0 1.2633 
-918212 -335508 0 8.61146 
-902750 -244961 0 2.95209 
-938957 -239151 0 2.79624 
-976761 -241696 0 2.60073 
-969987 -299419 0 4.98172 
-1.01e+006 -265061 0 3.18437 
-946457 -386890 0 21.712 
-987420 -359012 0 7.73264 
-1.01e+006 -473747 0 4.64843 
-976803 -487421 0 5.47444 
-958970 -437742 0 8.71258 
-1e+006 -409026 0 4.80445 
-1.21e+006 -569720 0 4.21648 
-1.2e+006 -629880 0 4.02298 
-1.16e+006 -538881 0 4.2449 
-1.05e+006 -436826 0 5.1673 
-1.08e+006 -418747 0 4.82653 
-1.15e+006 -441417 0 4.46531 
-1.2e+006 -302238 0 4.53152 
-1.12e+006 -322896 0 4.88204 
-1.05e+006 -264364 0 3.86605 
-1.05e+006 -345532 0 5.18538 
-1.1e+006 -715905 0 3.00944 
-1.05e+006 -695587 0 4.26026 
-1.04e+006 -613812 0 4.91913 
-992702 -552391 0 3.7003 
-1.07e+006 -540007 0 4.99619 
-1.17e+006 -700297 0 3.64779 
-1.12e+006 -646844 0 3.68682 
-1.1e+006 -592787 0 3.93282 
-1.15e+006 -598196 0 3.91762 
-1.26e+006 -290486 0 4.85699 
-1.31e+006 -286164 0 6.37285 
-1.33e+006 -384527 0 9.00465 
-1.37e+006 -400360 0 12.0096 
-1.42e+006 -339523 0 14.1251 
-1.39e+006 -293247 0 10.5512 
-1.47e+006 -431493 0 27.8394 
-1.5e+006 -296477 0 17.6779 
-1.43e+006 -243909 0 9.34446 
-1.49e+006 -217599 0 6.17203 
-1.57e+006 -246715 0 7.19293 
-1.64e+006 -268356 0 6.98089 
-1.64e+006 -206721 0 3.78451 
-1.56e+006 -168189 0 4.48788 
-1.72e+006 -454671 0 2.82383 
-1.7e+006 -413600 0 2.4866 
-1.65e+006 -362399 0 11.6091 
-1.61e+006 -351425 0 27.4334 
-1.7e+006 -484864 0 3.41867 
-1.66e+006 -442272 0 9.76655 
-1.58e+006 -419519 0 203.826 
-1.66e+006 -545285 0 3.04515 
-1.68e+006 -513146 0 3.37649 
-1.63e+006 -485193 0 12.7923 
-1.61e+006 -537999 0 6.50414 
-1.51e+006 -402457 0 50.4464 
-1.55e+006 -498844 0 25.7087 
-1.52e+006 -572388 0 8.65434 
-1.45e+006 -481958 0 23.3045 
-1.4e+006 -484071 0 14.7465 
-1.36e+006 -497606 0 9.53323 
-1.28e+006 -417528 0 7.71806 
-1.24e+006 -474024 0 6.51481 
-1.29e+006 -651832 0 4.20697 
-1.58e+006 -601321 0 3.79259 
-1.49e+006 -624150 0 6.06992 
-1.39e+006 -588493 0 7.37546 
-1.48e+006 -692401 0 3.29822 
-1.38e+006 -724675 0 2.96196 
-1.4e+006 -888616 0 2.24594 
-1.13e+006 507032 0 1.68512 
-1.12e+006 458688 0 1.99834 
-1.15e+006 539780 0 1.5876 
-1.2e+006 542222 0 1.74405 
-1.18e+006 553011 0 1.61258 
-987083 234196 0 5.56209 
-1.03e+006 236812 0 3.41802 
-993332 306601 0 2.18673 
-1.11e+006 336889 0 1.53092 
-1.09e+006 227429 0 2.48027 
-1.05e+006 513777 0 0.905471 
-999018 455006 0 1.14881 
-1.06e+006 433547 0 1.27518 
-1e+006 394286 0 1.10467 
-1.07e+006 482888 0 1.24933 
-1.03e+006 387040 0 1.17973 
-1.08e+006 375882 0 1.14075 
-1.15e+006 424509 0 3.12805 
-1.23e+006 484164 0 2.52289 
-1.24e+006 530971 0 1.75613 
-1.27e+006 536905 0 1.65637 
-1.2e+006 430461 0 5.06782 
-1.2e+006 398146 0 8.89209 
-1.25e+006 414176 0 3.94049 
-1.21e+006 367205 0 5.29851 
-1.26e+006 442595 0 2.67588 
-1.29e+006 403488 0 2.3735 
-1.33e+006 464920 0 1.14819 
-1.29e+006 471239 0 1.82853 
-1.34e+006 526012 0 1.12967 
-1.35e+006 588929 0 1.15916 
-1.31e+006 524287 0 1.37049 
-1.38e+006 548196 0 0.98635 
-1.43e+006 516810 0 0.807215 
-1.42e+006 570202 0 1.03056 
-1.44e+006 608325 0 1.16548 
-1.48e+006 582727 0 1.11572 
-1.51e+006 552129 0 1.16875 
-1.51e+006 465818 0 0.797461 
-1.54e+006 504799 0 1.12589 
-1.47e+006 473885 0 0.742961 
-1.38e+006 442193 0 0.523134 
-1.43e+006 471680 0 0.660642 
-1.44e+006 408842 0 0.690458 
-1.45e+006 358849 0 0.8447 
-1.56e+006 437256 0 0.749642 
-1.6e+006 411837 0 1.16469 
-1.54e+006 346878 0 1.00818 
-837925 -59738 0 0.570482 
-826143 -110492 0 0.959582 
-863761 -143734 0 1.24773 
-912347 -117092 0 1.14561 
-900132 -183774 0 1.78162 
-968888 -72651.4 0 1.19797 
-903812 -6847.09 0 0.808909 
-934915 -30240.4 0 0.945493 
-905286 -73118.5 0 0.893859 
-942006 -127400 0 1.32874 
-1.02e+006 -127167 0 1.8441 
-951701 -158743 0 1.60659 
-990586 -182544 0 1.91193 
-1.09e+006 -141250 0 3.49445 
-1.1e+006 -221477 0 3.83886 
-1.16e+006 -225383 0 4.1801 
-1.19e+006 -155324 0 4.29778 
-1.22e+006 -227213 0 4.22223 
-964391 -8414.28 0 1.08184 
-1e+006 -17818.5 0 1.41186 
-1.03e+006 -11437.4 0 1.61916 
-1.06e+006 -19251.6 0 1.79654 
-1.09e+006 -40406.4 0 2.06738 
-1.17e+006 -73236.4 0 4.46594 
-1.2e+006 -74148.7 0 3.90962 
-1.14e+006 -94963 0 4.093 
-1.26e+006 -110271 0 4.95008 
-1.29e+006 -182847 0 4.45502 
-1.34e+006 -63943.7 0 3.42836 
-1.34e+006 -178757 0 4.30823 
-1.36e+006 -232126 0 7.65999 
-1.4e+006 -201530 0 5.7389 
-1.41e+006 -135231 0 4.8558 
-1.38e+006 -84222.8 0 3.59742 
-1.45e+006 -108199 0 3.63731 
-1.42e+006 -32282.1 0 2.35462 
-1.23e+006 -10244.5 0 1.93189 
-1.27e+006 -12667.2 0 1.93827 
-1.23e+006 -46389.3 0 1.93057 
-1.32e+006 -22680.3 0 2.9164 
-1.35e+006 33160.1 0 1.31147 
-1.47e+006 27774 0 0.843647 
-1.41e+006 19378.8 0 1.2104 
-1.42e+006 50762.6 0 1.30496 
-1.4e+006 69842.8 0 1.62884 
-1.23e+006 25273 0 1.82954 
-1.26e+006 45249.8 0 1.64542 
-1.31e+006 28364.8 0 1.53296 
-1.26e+006 91335.3 0 1.70204 
-1.31e+006 87359.9 0 1.6571 
-1.34e+006 109992 0 1.46072 
-1.41e+006 103574 0 1.3467 
-1.39e+006 138656 0 1.48691 
-1.29e+006 196314 0 1.83766 
-1.31e+006 182791 0 1.59534 
-1.31e+006 269929 0 2.03632 
-1.41e+006 196966 0 1.22905 
-1.36e+006 195226 0 1.71113 
-1.34e+006 240795 0 1.84679 
-1.34e+006 317077 0 1.58792 
-1.32e+006 361179 0 1.68929 
-1.32e+006 387949 0 1.58659 
-1.42e+006 326304 0 1.01464 
-1.15e+006 21355 0 2.26745 
-1.09e+006 28978.7 0 2.02215 
-1.1e+006 118154 0 1.9566 
-1.06e+006 64768.9 0 1.90565 
-1.19e+006 67451.1 0 1.70808 
-1.16e+006 109357 0 1.82221 
-1.19e+006 163907 0 1.78493 
-1.23e+006 114356 0 1.76718 
-1.26e+006 206683 0 1.95758 
-1.28e+006 146019 0 1.75149 
-1.14e+006 200322 0 2.09885 
-1.16e+006 231185 0 2.1333 
-1.14e+006 263861 0 2.19993 
-1.21e+006 241964 0 2.14072 
-1.22e+006 214844 0 1.97075 
-1.25e+006 289748 0 2.48169 
-1.16e+006 300405 0 2.42828 
-1.21e+006 323268 0 3.32692 
-1.52e+006 289389 0 1.16439 
-1.4e+006 284598 0 1.22215 
-1.46e+006 238305 0 1.29664 
-1.53e+006 232519 0 1.07492 
-1.65e+006 299460 0 1.91071 
-1.62e+006 330123 0 1.52366 
-1.52e+006 114155 0 0.884383 
-1.49e+006 169203 0 1.38476 
-1.48e+006 142418 0 1.41031 
-1.58e+006 206169 0 1.08265 
-1.71e+006 134082 0 0.640785 
-1.73e+006 67373.3 0 0.601651 
-1.59e+006 73561 0 0.84438 
-1.61e+006 108773 0 0.856667 
-1.65e+006 113751 0 0.775788 
-1.66e+006 221607 0 1.48175 
-1.63e+006 182497 0 1.13926 
-1.71e+006 298571 0 2.48366 
-1.7e+006 349817 0 2.37113 
-1.75e+006 379641 0 2.63784 
-1.65e+006 394772 0 1.76517 
-1.71e+006 397382 0 2.41243 
-1.81e+006 384620 0 2.21354 
-1.78e+006 110415 0 0.421346 
-1.82e+006 118066 0 3.42218 
-1.82e+006 198610 0 1.16506 
-1.76e+006 151354 0 0.568193 
-1.74e+006 210627 0 1.05175 
-1.77e+006 195177 0 0.618677 
-1.8e+006 243428 0 1.2582 
-1.81e+006 283993 0 1.53595 
-1.76e+006 254216 0 1.64837 
-1.78e+006 317281 0 1.82364 
-1.72e+006 250021 0 2.68772 
-1.76e+006 341600 0 2.98156 
-1.78e+006 603049 0 1.89917 
-1.78e+006 550870 0 2.08596 
-1.74e+006 443454 0 2.39497 
-1.76e+006 502609 0 2.2793 
-1.79e+006 506711 0 2.16801 
-1.79e+006 449702 0 2.25101 
-1.83e+006 374501 0 2.03606 
-1.8e+006 359622 0 2.21316 
-1.83e+006 316693 0 1.69805 
-1.86e+006 252166 0 1.39698 
-1.87e+006 206529 0 1.37513 
-1.87e+006 167420 0 1.4432 
-1.91e+006 160149 0 1.34657 
-1.82e+006 66420.2 0 1.14972 
-1.87e+006 43109.7 0 1.36772 
-1.88e+006 120712 0 1.33699 
-1.92e+006 107739 0 1.2955 
-1.93e+006 68933.6 0 1.43175 
-1.96e+006 52474.7 0 1.46374 
-1.82e+006 -7529.32 0 1.09244 
-1.87e+006 -25953.7 0 1.19012 
-1.89e+006 -45057.1 0 1.23827 
-1.92e+006 15310.5 0 1.37369 
-1.93e+006 -20957.4 0 1.34012 
-1.97e+006 -17247.6 0 1.41211 
-1.57e+006 658372 0 1.66183 
-1.63e+006 644997 0 1.98011 
-1.67e+006 642912 0 2.08622 
-1.6e+006 650596 0 1.85532 
-1.55e+006 619021 0 1.53041 
-1.57e+006 568611 0 1.62341 
-1.61e+006 610521 0 1.97571 
-1.61e+006 582214 0 1.99263 
-1.59e+006 530549 0 1.78124 
-1.61e+006 509885 0 2.0741 
-1.62e+006 560727 0 2.24944 
-1.64e+006 515509 0 2.81786 
-1.63e+006 481614 0 2.10299 
-1.64e+006 455085 0 1.93293 
-1.68e+006 441085 0 2.18555 
-1.7e+006 450055 0 2.36683 
-1.74e+006 528724 0 2.3094 
-1.7e+006 543560 0 2.38174 
-1.65e+006 590465 0 2.25964 
-1.72e+006 583242 0 2.13627 
-1.77e+006 625196 0 1.86554 
-1.51e+006 -6867.72 0 2.69031 
-1.52e+006 51100.2 0 0.914821 
-1.52e+006 -61713.9 0 2.60868 
-1.57e+006 12609.3 0 0.89746 
-1.66e+006 11589.6 0 0.780179 
-1.66e+006 -53973.5 0 1.74344 
-1.62e+006 -89102.6 0 2.49141 
-1.58e+006 -105895 0 3.0068 
-1.5e+006 -117815 0 3.97484 
-1.96e+006 -64416.1 0 1.31777 
-1.99e+006 -175564 0 1.24449 
-1.96e+006 -339586 0 3.18908 
-1.95e+006 -305158 0 2.35811 
-1.99e+006 -239993 0 1.45382 
-2e+006 -268713 0 1.79708 
-2.03e+006 -227542 0 1.50394 
-2.01e+006 -351309 0 3.09762 
-2.01e+006 -419082 0 3.87718 
-1.98e+006 -415949 0 4.38239 
-1.98e+006 -467997 0 4.12846 
-1.75e+006 7173.67 0 0.783345 
-1.72e+006 -45754.4 0 0.965262 
-1.79e+006 -33877.9 0 1.00642 
-1.75e+006 -109263 0 1.38612 
-1.81e+006 -119766 0 0.93688 
-1.85e+006 -80036.9 0 1.07374 
-1.85e+006 -124479 0 0.962481 
-1.89e+006 -122831 0 1.02261 
-1.95e+006 -103479 0 1.15953 
-1.92e+006 -139573 0 1.0285 
-1.92e+006 -182230 0 1.0444 
-1.95e+006 -220482 0 1.21084 
-1.68e+006 -114228 0 1.95324 
-1.72e+006 -188602 0 1.76636 
-1.79e+006 -211571 0 0.900653 
-1.83e+006 -173955 0 0.902869 
-1.86e+006 -182733 0 0.931085 
-1.87e+006 -242368 0 1.03011 
-1.89e+006 -259906 0 1.02092 
-1.88e+006 -305086 0 2.23341 
-1.89e+006 -388311 0 8.54063 
-1.86e+006 -366249 0 6.6111 
-1.85e+006 -400705 0 11.5197 
-1.84e+006 -407293 0 12.39 
-1.84e+006 -427703 0 17.7734 
-1.87e+006 -476618 0 4.09875 
-1.9e+006 -439453 0 6.60622 
-1.84e+006 -465442 0 5.54342 
-1.89e+006 -216542 0 1.02796 
-1.92e+006 -256181 0 1.28752 
-1.92e+006 -294508 0 2.02837 
-1.92e+006 -340238 0 3.62363 
-1.94e+006 -394046 0 5.08757 
-1.93e+006 -440724 0 5.50623 
-1.83e+006 -251138 0 1.21694 
-1.83e+006 -295607 0 2.05843 
-1.83e+006 -326638 0 3.30714 
-1.8e+006 -312854 0 2.74365 
-1.75e+006 -328483 0 3.31956 
-1.76e+006 -364625 0 3.78527 
-1.83e+006 -386026 0 8.03206 
-1.78e+006 -392378 0 4.92605 
-1.8e+006 -421972 0 7.44252 
-1.82e+006 -441438 0 8.13915 
-1.77e+006 -439346 0 3.60338 
-1.77e+006 -470830 0 2.42263 
-1.65e+006 -799670 0 0.903538 
-1.64e+006 -837798 0 1.30906 
-1.7e+006 -902731 0 2.07855 
-1.69e+006 -852501 0 1.7269 
-1.69e+006 -830717 0 1.64422 
-1.68e+006 -797720 0 1.40388 
-1.68e+006 -756221 0 1.78785 
-1.71e+006 -722694 0 1.48751 
-1.72e+006 -699254 0 1.82397 
-1.67e+006 -711169 0 0.666107 
-1.83e+006 -760002 0 5.88224 
-1.76e+006 -801721 0 3.11255 
-1.81e+006 -661565 0 17.1289 
-1.83e+006 -585851 0 1.88669 
-1.88e+006 -547451 0 2.96853 
-1.83e+006 -540096 0 1.96756 
-1.84e+006 -514094 0 2.45733 
-1.69e+006 -658817 0 1.00886 
-1.75e+006 -643538 0 1.94556 
-1.74e+006 -609481 0 0.640931 
-1.74e+006 -576255 0 0.720522 
-1.75e+006 -541347 0 1.15188 
-1.79e+006 -533974 0 1.41934 
-1.77e+006 -510629 0 1.53485 
-1.79e+006 -488614 0 1.8472 
-1.86e+006 -657899 0 8.08137 
-1.92e+006 -513736 0 3.59592 
-1.95e+006 -494462 0 4.11429 
-1.92e+006 -604133 0 4.57107 
-1.92e+006 -569123 0 3.95732 
-1.98e+006 -499300 0 3.97561 
-1.96e+006 -581140 0 3.73793 
-1.95e+006 -622501 0 5.00119 
-1.89e+006 -670459 0 7.22512 
-1.8e+006 -877947 0 3.38914 
-1.83e+006 -823639 0 4.47634 
-1.88e+006 -762874 0 6.14166 
-1.9e+006 -806120 0 5.29289 
-1.8e+006 -908137 0 3.31713 
-1.83e+006 -907666 0 3.65186 
-1.86e+006 -911386 0 3.84669 
-1.83e+006 -938720 0 3.47436 
-1.92e+006 -668968 0 6.19515 
-1.93e+006 -698332 0 6.07557 
-1.83e+006 -952943 0 3.47558 
-1.85e+006 -1.01e+006 0 3.49036 
-1.77e+006 -974085 0 3.0579 
-1.72e+006 -974330 0 2.74698 
-1.74e+006 -1e+006 0 2.96898 
-1.7e+006 -1.03e+006 0 2.56048 
-1.68e+006 -1.02e+006 0 2.52955 
-1.65e+006 -1.04e+006 0 2.6059 
-1.73e+006 -1.15e+006 0 2.28292 
-1.67e+006 -1.07e+006 0 2.5975 
-1.58e+006 -1.09e+006 0 2.57598 
-1.6e+006 -1.06e+006 0 2.9888 
-1.65e+006 -1.09e+006 0 2.6456 
-1.63e+006 -1.11e+006 0 2.60985 
-1.58e+006 -1.12e+006 0 2.47442 
-1.59e+006 -1.15e+006 0 2.36752 
-1.58e+006 -1.19e+006 0 2.21809 
-1.56e+006 -1.22e+006 0 2.09164 
-1.66e+006 -181166 0 2.80111 
-1.7e+006 -245677 0 2.69786 
-1.71e+006 -309291 0 3.80537 
-1.65e+006 -592676 0 1.76298 
-1.63e+006 -655419 0 1.28884 
-1.61e+006 -764879 0 1.12466 
-1.58e+006 -722802 0 1.44613 
-1.47e+006 -793474 0 2.16331 
-1.5e+006 -834686 0 1.89262 
-1.55e+006 -835319 0 1.7936 
-1.59e+006 -863322 0 1.70098 
-1.65e+006 -944210 0 2.51289 
-1.56e+006 -933892 0 2.11485 
-1.51e+006 -977890 0 1.83835 
-1.44e+006 -1.06e+006 0 2.45712 
-1.48e+006 -1.17e+006 0 1.97469 
