interp_grid
4
X
Y
Z
interp_log10_trimmed
2.27522e+006 648245 0 0.0600542 
2.29168e+006 633381 0 0.00468264 
2.3266e+006 691436 0 0.127865 
2.35511e+006 655345 0 0.188807 
2.40499e+006 637423 0 0.214009 
2.31227e+006 550429 0 0.502775 
2.34335e+006 587534 0 0.176332 
2.41096e+006 575766 0 0.262061 
2.35288e+006 497438 0 0.449331 
2.40557e+006 483244 0 0.169096 
2.28894e+006 502796 0 0.592781 
2.26985e+006 453288 0 0.769372 
2.33655e+006 416290 0 0.309872 
2.24255e+006 395494 0 0.00943374 
2.3016e+006 358564 0 0.587593 
2.46251e+006 543191 0 0.316948 
2.46681e+006 465598 0 0.301999 
2.38755e+006 363590 0 0.141655 
2.32486e+006 308035 0 0.164512 
2.28036e+006 291972 0 0.0132632 
2.31372e+006 225415 0 0.280827 
2.22933e+006 264222 0 0.127159 
2.27891e+006 196323 0 0.174169 
2.24005e+006 187955 0 0.136847 
2.2759e+006 127993 0 0.02601 
2.30249e+006 118367 0 0.225374 
2.21023e+006 351505 0 0.10052 
2.18104e+006 333083 0 0.216077 
2.17958e+006 275289 0 0.204948 
2.20226e+006 211362 0 0.287397 
2.1569e+006 244064 0 0.229655 
2.1709e+006 220179 0 0.227417 
2.17812e+006 163105 0 -0.0215503 
2.21806e+006 117153 0 0.24306 
2.2396e+006 126000 0 0.280568 
2.18325e+006 117652 0 0.260023 
2.24774e+006 89828.6 0 0.206069 
2.24504e+006 14678.5 0 0.0679747 
2.1949e+006 67573.1 0 0.260207 
2.20281e+006 28159.5 0 0.127343 
2.33189e+006 129069 0 0.409439 
2.39539e+006 73125.4 0 0.00878037 
2.30009e+006 80072.1 0 0.334875 
2.33996e+006 63659.7 0 0.107248 
2.32059e+006 13910 0 -0.154487 
2.28507e+006 51620.8 0 0.0847284 
2.26675e+006 35757.5 0 0.0608678 
2.28734e+006 -100.653 0 -0.0215172 
2.236e+006 -26280 0 0.056152 
2.18054e+006 7816.14 0 0.0721572 
2.19292e+006 -65461.1 0 0.0684919 
2.2418e+006 -51819.2 0 0.120714 
2.16133e+006 361009 0 0.34993 
2.1087e+006 198173 0 0.2943 
2.12645e+006 228992 0 0.249784 
2.13194e+006 287758 0 0.235537 
2.06292e+006 268430 0 0.153606 
2.11039e+006 321982 0 0.239483 
2.03971e+006 294100 0 0.10379 
2.11361e+006 349771 0 0.277017 
2.05663e+006 197590 0 0.335199 
2.05505e+006 144715 0 0.303277 
2.12794e+006 129005 0 0.46209 
2.02112e+006 106019 0 0.296632 
2.07402e+006 53172.6 0 0.456525 
2.11883e+006 46999.6 0 0.710251 
2.10484e+006 -51348.8 0 0.0710982 
2.13833e+006 -31746.2 0 0.0798918 
2.16176e+006 -67544.8 0 -0.0549697 
2.17208e+006 -98300.7 0 0.196901 
2.13319e+006 -112234 0 0.45594 
2.14429e+006 -142489 0 0.432199 
2.11941e+006 -168461 0 0.395501 
2.22644e+006 -81231.7 0 0.219998 
2.23687e+006 -94761.6 0 0.308336 
2.0449e+006 -51943.2 0 0.0552737 
2.05309e+006 -6646.13 0 0.17563 
2.03339e+006 -79864.5 0 0.332875 
2.06854e+006 -82082.3 0 -0.0398903 
2.07539e+006 -143121 0 1.06448 
2.02961e+006 -155683 0 0.533286 
2.11302e+006 -212200 0 0.925185 
2.10458e+006 -244113 0 0.0510097 
2.03114e+006 -211418 0 0.199108 
2.11649e+006 -335041 0 0.40821 
2.0546e+006 -274943 0 0.356531 
2.11097e+006 -299316 0 0.352632 
2.09876e+006 -350322 0 0.220201 
2.15935e+006 -237467 0 0.737383 
2.1468e+006 -291618 0 1.0872 
2.0066e+006 22660.2 0 0.158499 
1.95824e+006 23133.6 0 0.170924 
1.93327e+006 -31868.1 0 0.168199 
1.85179e+006 -73009.9 0 0.364716 
1.87045e+006 -43401.6 0 0.33304 
1.9577e+006 -82334.3 0 0.164325 
1.97972e+006 -134652 0 0.0759574 
1.79917e+006 -217706 0 0.48184 
1.79812e+006 -156246 0 0.590446 
1.84595e+006 -151242 0 0.409362 
1.85381e+006 -193870 0 0.375923 
1.85759e+006 -119807 0 0.37253 
1.9155e+006 -141692 0 0.246666 
1.92501e+006 -202564 0 0.25002 
1.82815e+006 -251658 0 0.330112 
1.82252e+006 -302968 0 0.22655 
1.8773e+006 -251394 0 0.278374 
1.93467e+006 -252427 0 0.16262 
1.98549e+006 -277902 0 0.161946 
2.04735e+006 -413700 0 0.166733 
2.04795e+006 -335405 0 -0.0884035 
1.98846e+006 -335515 0 0.116574 
2.01617e+006 -402250 0 0.155854 
2.06528e+006 -388779 0 0.0809111 
1.99572e+006 -402916 0 0.193811 
2.07051e+006 -426173 0 0.252187 
2.09544e+006 -400864 0 0.108544 
2.11816e+006 -444097 0 0.654169 
2.13656e+006 -414704 0 0.511567 
1.79033e+006 -457694 0 0.160166 
1.79231e+006 -381416 0 0.14557 
1.83024e+006 -388060 0 0.187527 
1.87483e+006 -346232 0 0.219264 
1.8334e+006 -503663 0 0.170679 
1.83734e+006 -453534 0 0.193893 
1.88506e+006 -404108 0 0.213472 
1.92225e+006 -392345 0 0.246395 
1.93177e+006 -335485 0 0.171077 
1.95171e+006 -420626 0 0.31466 
1.99896e+006 -463796 0 0.29524 
2.09179e+006 -535422 0 0.541815 
2.05646e+006 -553410 0 0.470588 
1.89628e+006 -471472 0 0.234566 
2.00887e+006 -501930 0 0.337822 
1.97594e+006 -512465 0 0.291385 
1.94826e+006 -528679 0 0.242883 
2.04926e+006 -560439 0 0.44382 
2.07796e+006 -588213 0 0.554332 
2.11314e+006 -511415 0 0.572289 
2.11992e+006 -513972 0 0.582091 
1.75984e+006 -586105 0 0.130607 
1.79661e+006 -563424 0 0.129268 
1.85072e+006 -582061 0 0.125359 
1.87278e+006 -528774 0 0.176162 
1.92254e+006 -566720 0 0.168935 
2.01841e+006 -576252 0 0.357516 
1.92948e+006 -601509 0 0.130033 
2.08085e+006 -614371 0 0.606512 
1.78625e+006 -655023 0 0.107245 
1.88244e+006 -662971 0 0.0159846 
1.78065e+006 -725977 0 0.186907 
1.85718e+006 -713061 0 0.147602 
1.84209e+006 -678890 0 0.096886 
1.94587e+006 -682139 0 0.169691 
2.04236e+006 -716951 0 0.502559 
1.98437e+006 -631164 0 0.160725 
2.03267e+006 -613702 0 0.433998 
2.064e+006 -678884 0 0.819056 
1.97792e+006 -663738 0 0.227969 
2.11775e+006 -677751 0 0.687234 
1.94926e+006 -736671 0 0.2361 
1.97795e+006 -713504 0 0.265355 
2.02998e+006 -757715 0 0.274394 
2.09656e+006 -766495 0 0.456188 
2.14453e+006 -761785 0 0.468433 
2.06944e+006 -846377 0 0.361442 
1.92656e+006 -781647 0 0.322066 
2.03666e+006 -807416 0 0.305409 
1.9939e+006 -781700 0 0.199662 
2.08198e+006 -826416 0 0.386652 
2.05145e+006 -875303 0 0.359934 
1.84687e+006 -773316 0 0.248483 
1.84221e+006 -817990 0 0.295452 
1.89994e+006 -846302 0 0.330074 
1.98106e+006 -922607 0 0.38015 
1.96582e+006 -871346 0 0.326257 
2.01568e+006 -877607 0 0.347478 
1.71886e+006 -779650 0 0.269545 
1.72428e+006 -817658 0 0.281074 
1.7875e+006 -824833 0 0.298864 
1.81623e+006 -874421 0 0.349866 
1.77092e+006 -881059 0 0.332168 
1.85301e+006 -953687 0 0.453129 
1.82599e+006 -978955 0 0.499334 
1.90361e+006 -911601 0 0.390457 
1.89671e+006 -953695 0 0.463041 
1.8512e+006 -1.0301e+006 0 0.584439 
1.95676e+006 -968678 0 0.454309 
1.98552e+006 -978772 0 0.452391 
1.63251e+006 -854714 0 0.235234 
1.68729e+006 -867862 0 0.253152 
1.74137e+006 -931001 0 0.332025 
1.77208e+006 -996089 0 0.513232 
1.65086e+006 -908204 0 0.206452 
1.71594e+006 -982737 0 0.328974 
1.65128e+006 -956392 0 0.143038 
1.65405e+006 -978391 0 0.100351 
1.65363e+006 -1.00492e+006 0 0.0216246 
1.76214e+006 -1.04047e+006 0 0.685521 
1.81487e+006 -1.06436e+006 0 0.663932 
1.88359e+006 -1.07403e+006 0 0.555472 
1.87073e+006 -1.10231e+006 0 0.594434 
1.85305e+006 -1.13581e+006 0 0.600631 
1.74505e+006 -1.06735e+006 0 0.818043 
1.72508e+006 -1.0839e+006 0 0.471696 
1.79567e+006 -1.10733e+006 0 0.695255 
1.80975e+006 -1.08833e+006 0 0.686908 
1.76306e+006 -1.12734e+006 0 0.613672 
1.79864e+006 -1.17733e+006 0 0.577365 
1.5665e+006 -974182 0 0.241456 
1.53352e+006 -989685 0 0.310483 
1.60461e+006 -1.04033e+006 0 0.206882 
1.55318e+006 -1.05262e+006 0 0.324953 
1.60645e+006 -1.10003e+006 0 0.306513 
1.69277e+006 -1.11917e+006 0 0.418503 
1.65854e+006 -1.06332e+006 0 0.260096 
1.67237e+006 -1.14329e+006 0 0.409342 
1.76137e+006 -1.20389e+006 0 0.526813 
1.63755e+006 -1.15782e+006 0 0.388617 
1.72704e+006 -1.21114e+006 0 0.500091 
1.70827e+006 -1.23705e+006 0 0.479214 
1.77185e+006 -1.28146e+006 0 0.503606 
1.5345e+006 -1.11119e+006 0 0.378859 
1.59535e+006 -1.20921e+006 0 0.387971 
1.49705e+006 -1.15719e+006 0 0.386165 
1.57136e+006 -1.2723e+006 0 0.376006 
1.60643e+006 -1.26507e+006 0 0.417795 
1.70809e+006 -1.29405e+006 0 0.480088 
1.65391e+006 -1.22587e+006 0 0.432626 
1.67696e+006 -1.34805e+006 0 0.506706 
1.69138e+006 -1.3157e+006 0 0.517041 
1.76085e+006 -1.35574e+006 0 0.558212 
1.72545e+006 -1.43003e+006 0 0.655205 
1.76078e+006 -1.41809e+006 0 0.629328 
1.85534e+006 -1.62717e+006 0 0.370472 
1.75852e+006 -1.57681e+006 0 0.488079 
1.78369e+006 -1.4937e+006 0 0.589237 
1.83385e+006 -1.52803e+006 0 0.511194 
1.90157e+006 -1.62731e+006 0 0.414835 
1.93396e+006 -1.70622e+006 0 0.44665 
1.85607e+006 -1.70623e+006 0 0.445156 
1.91867e+006 -1.76075e+006 0 0.458341 
1.87514e+006 -1.7884e+006 0 0.462109 
1.92114e+006 -1.79893e+006 0 0.464857 
1.96013e+006 -1.86797e+006 0 0.473582 
2.00909e+006 -1.96926e+006 0 0.480007 
1.88266e+006 -1.90158e+006 0 0.474969 
1.85967e+006 -1.83685e+006 0 0.468634 
1.81594e+006 -1.7626e+006 0 0.456571 
1.78135e+006 -1.79516e+006 0 0.46303 
1.80411e+006 -1.84681e+006 0 0.470043 
1.75888e+006 -1.8024e+006 0 0.428169 
1.76123e+006 -1.76751e+006 0 0.458365 
1.76449e+006 -1.74833e+006 0 0.453998 
1.77902e+006 -1.72389e+006 0 0.447255 
1.75794e+006 -1.69447e+006 0 0.441734 
1.73609e+006 -1.7264e+006 0 0.45036 
1.71987e+006 -1.6656e+006 0 0.437895 
1.76016e+006 -1.6365e+006 0 0.441004 
1.6883e+006 -1.57181e+006 0 0.412263 
1.61017e+006 -1.52282e+006 0 0.00545176 
1.56842e+006 -1.46455e+006 0 0.211419 
1.67076e+006 -1.41821e+006 0 0.498125 
1.57013e+006 -1.32409e+006 0 0.316359 
1.59236e+006 -1.37462e+006 0 0.352866 
1.56527e+006 -1.37337e+006 0 0.233837 
1.6488e+006 -1.51285e+006 0 0.277048 
1.70423e+006 -1.50064e+006 0 0.646995 
1.52957e+006 -1.48443e+006 0 0.322765 
1.53054e+006 -1.41088e+006 0 0.0604763 
1.49307e+006 -1.48419e+006 0 0.424295 
1.47622e+006 -1.04615e+006 0 0.506616 
1.40569e+006 -1.1887e+006 0 0.355842 
1.41607e+006 -1.30117e+006 0 0.180998 
1.42739e+006 -1.40069e+006 0 0.102891 
1.46319e+006 -1.20653e+006 0 0.328191 
1.51611e+006 -1.30003e+006 0 0.289313 
1.482e+006 -1.31013e+006 0 0.176152 
1.49943e+006 -1.3977e+006 0 -0.136778 
1.47058e+006 -1.35826e+006 0 -0.0288957 
1.45664e+006 -1.4106e+006 0 0.0407266 
1.45158e+006 -1.51653e+006 0 0.671538 
1.41987e+006 -1.46881e+006 0 0.382724 
1.478e+006 -1.53767e+006 0 0.887441 
1.44931e+006 -1.5803e+006 0 0.712364 
1.40054e+006 -1.52245e+006 0 0.559898 
1.32142e+006 -1.50138e+006 0 0.375785 
1.30129e+006 -1.46068e+006 0 0.323927 
1.26131e+006 -1.47562e+006 0 0.330953 
1.26305e+006 -1.51885e+006 0 0.356301 
1.19887e+006 -1.49761e+006 0 0.336906 
1.21191e+006 -1.53538e+006 0 0.351582 
1.37407e+006 -1.3957e+006 0 0.197995 
1.34411e+006 -1.38942e+006 0 0.219692 
1.37026e+006 -1.4727e+006 0 0.359022 
1.31662e+006 -1.37543e+006 0 0.222416 
1.3018e+006 -1.36637e+006 0 0.226352 
1.268e+006 -1.38778e+006 0 0.247729 
1.24042e+006 -1.43206e+006 0 0.278401 
1.21821e+006 -1.46659e+006 0 0.307803 
1.38913e+006 -1.00338e+006 0 0.394595 
1.41456e+006 -1.0302e+006 0 0.465245 
1.36948e+006 -1.05055e+006 0 0.533265 
1.41944e+006 -1.06938e+006 0 0.511175 
1.33956e+006 -1.0817e+006 0 0.669912 
1.2957e+006 -1.14298e+006 0 0.435192 
1.27777e+006 -1.22963e+006 0 0.19789 
1.36277e+006 -1.14963e+006 0 0.457244 
1.33809e+006 -1.22078e+006 0 0.283849 
1.34257e+006 -1.28535e+006 0 0.201006 
1.26753e+006 -1.30072e+006 0 0.173155 
1.21907e+006 -1.2384e+006 0 0.0571928 
1.21197e+006 -1.34277e+006 0 0.240814 
1.19503e+006 -1.41201e+006 0 0.250528 
1.06927e+006 -1.12621e+006 0 0.272275 
1.03858e+006 -1.12555e+006 0 0.262681 
1.10666e+006 -1.14031e+006 0 0.284243 
1.03706e+006 -1.18621e+006 0 0.278224 
1.10773e+006 -1.1789e+006 0 0.270365 
1.10947e+006 -1.24219e+006 0 0.275313 
1.137e+006 -1.19524e+006 0 0.249945 
1.06243e+006 -1.25235e+006 0 0.303488 
1.22982e+006 -1.10768e+006 0 0.437129 
1.18144e+006 -1.11533e+006 0 0.360907 
1.239e+006 -1.14189e+006 0 0.368201 
1.17785e+006 -1.19815e+006 0 0.211516 
1.16345e+006 -1.26515e+006 0 0.218705 
1.13274e+006 -1.34854e+006 0 0.437518 
1.08936e+006 -1.30465e+006 0 0.349637 
1.1455e+006 -1.41551e+006 0 0.320185 
1.15494e+006 -1.48512e+006 0 0.355968 
1.16603e+006 -1.5337e+006 0 0.347767 
1.04826e+006 -1.32817e+006 0 0.346496 
1.07541e+006 -1.37839e+006 0 0.362924 
1.09058e+006 -1.4497e+006 0 0.337183 
1.00205e+006 -1.40479e+006 0 0.332126 
1.04872e+006 -1.42708e+006 0 0.335689 
1.09835e+006 -1.53902e+006 0 0.325956 
1.04081e+006 -1.48968e+006 0 0.3213 
1.11814e+006 -1.48884e+006 0 0.339668 
1.0486e+006 -1.54045e+006 0 0.306156 
1.00771e+006 -1.28903e+006 0 0.313871 
954091 -1.36404e+006 0 0.321501 
947969 -1.43284e+006 0 0.321295 
987313 -1.51168e+006 0 0.299596 
937985 -1.48581e+006 0 0.299529 
702735 352434 0 0.305159 
630349 269811 0 0.0779578 
566470 268847 0 -0.010197 
603074 268528 0 0.0766014 
643425 213273 0 0.00693054 
715287 197355 0 -0.16624 
782144 221657 0 -0.198951 
825874 218971 0 -0.0817667 
865052 298360 0 0.0515911 
867599 249657 0 -0.0516886 
917414 260194 0 0.259115 
991054 234370 0 -0.122921 
1.12022e+006 257186 0 -0.205526 
1.16945e+006 267543 0 -0.223097 
1.0097e+006 316887 0 -0.0663983 
965913 -38159.8 0 -0.338118 
989319 55019.9 0 -0.120311 
934175 28698.8 0 -0.0122714 
914407 76606.7 0 0.11694 
915487 107514 0 0.245562 
876378 191842 0 0.126425 
908818 220318 0 0.225475 
925855 146230 0 0.508294 
968151 162313 0 0.110152 
955380 213241 0 -0.184259 
999529 200305 0 -0.118762 
1.03103e+006 188649 0 -0.140383 
867081 -70145.8 0 -0.537247 
877092 27465.9 0 0.249527 
923505 -54923.7 0 -0.165249 
939502 -4642.72 0 -0.145679 
1.07931e+006 -287556 0 0.21247 
986100 -180059 0 0.678196 
961284 -107385 0 0.319165 
1.19021e+006 -245406 0 0.15825 
1.1349e+006 -172373 0 -0.305418 
1.20094e+006 -179728 0 -0.404477 
1.27103e+006 -149122 0 -0.350742 
1.24442e+006 -95969 0 -0.37648 
1.17341e+006 -106360 0 -0.239785 
1.20897e+006 -147693 0 0.189018 
1.11477e+006 -44480.6 0 -0.27678 
1.1756e+006 -14615.9 0 -0.400958 
1.14656e+006 36319.3 0 -0.425022 
1.10961e+006 64271.1 0 -0.491877 
1.16046e+006 113098 0 -0.352683 
1.05905e+006 230587 0 -0.179516 
1.09755e+006 215007 0 -0.223728 
1.05697e+006 -26085.1 0 -0.253385 
1.20283e+006 252390 0 -0.253249 
1.17848e+006 237117 0 -0.246169 
1.28465e+006 158509 0 -0.377269 
1.19487e+006 152706 0 -0.341655 
1.22607e+006 151765 0 -0.347176 
1.26714e+006 123581 0 -0.406646 
1.24577e+006 82217.7 0 -0.385179 
1.27969e+006 45826.9 0 -0.446892 
1.27466e+006 -5431.55 0 -0.537622 
1.33501e+006 -4460.04 0 -0.448001 
1.38414e+006 -1530.82 0 -0.374789 
1.23998e+006 -4223.45 0 -0.525184 
1.21705e+006 -45004.5 0 -0.524194 
1.26623e+006 -59178.5 0 -0.676511 
1.32913e+006 -79040.3 0 -0.407925 
1.34774e+006 -33774.8 0 -0.425132 
1.29775e+006 -40916.3 0 -0.556266 
1.32431e+006 113963 0 -0.396998 
1.39098e+006 -62064.5 0 -0.322042 
1.39271e+006 -137372 0 -0.149998 
1.3743e+006 -110919 0 -0.21875 
1.36635e+006 -152914 0 -0.220096 
1.33007e+006 -156338 0 -0.312593 
1.35435e+006 -209451 0 -0.216958 
1.32065e+006 -206499 0 -0.433601 
1.25729e+006 -270592 0 0.302091 
1.2837e+006 -357474 0 0.522614 
1.26821e+006 -306207 0 0.640895 
1.29328e+006 -254155 0 0.0591435 
1.31057e+006 -331818 0 0.427531 
1.35971e+006 -317004 0 0.293952 
1.33331e+006 -269726 0 0.0647434 
1.37544e+006 -262866 0 0.0949843 
1.41216e+006 -291460 0 0.233906 
1.45427e+006 -271038 0 0.289614 
1.49544e+006 -251846 0 0.43215 
1.54413e+006 -237966 0 0.666311 
1.54137e+006 -205234 0 0.406569 
1.57623e+006 -195170 0 0.208969 
1.64235e+006 -118759 0 0.366173 
1.73424e+006 -53809.6 0 0.498152 
1.7265e+006 -26226.6 0 0.440787 
1.72936e+006 4786.24 0 0.395397 
1.53741e+006 -159495 0 0.239858 
1.74162e+006 37584.6 0 0.29647 
1.79384e+006 -48850.1 0 0.420572 
1.79086e+006 12065.6 0 0.375419 
1.84067e+006 62287.5 0 0.155663 
1.90904e+006 133435 0 0.205742 
1.87608e+006 22339.2 0 0.18579 
1.93663e+006 90343.1 0 0.203498 
1.8878e+006 87749.6 0 0.197756 
1.96764e+006 163600 0 0.190277 
1.88906e+006 177983 0 0.198297 
1.79847e+006 89410.7 0 0.317501 
1.91086e+006 243559 0 0.0286188 
1.94739e+006 218584 0 0.20056 
1.92439e+006 193724 0 0.194121 
1.95682e+006 245682 0 -0.283013 
2.01438e+006 203884 0 -0.0725781 
1.98571e+006 275336 0 -0.103146 
2.00644e+006 306262 0 0.045252 
1.75179e+006 -106918 0 0.612531 
1.70115e+006 -96696.9 0 0.507532 
1.69333e+006 -172302 0 0.59046 
1.64992e+006 -156236 0 0.398748 
1.73784e+006 -180220 0 0.907196 
1.73416e+006 -230385 0 0.430032 
1.76935e+006 -289298 0 0.194671 
1.73265e+006 -295129 0 0.0958055 
1.69282e+006 -273887 0 -0.069955 
1.719e+006 -460076 0 0.176928 
1.68422e+006 -444613 0 0.205533 
1.69698e+006 -399475 0 0.180431 
1.7446e+006 -431016 0 0.16037 
1.69259e+006 -349299 0 0.192936 
1.74773e+006 -351308 0 0.0646282 
1.63714e+006 -300784 0 0.188494 
1.62518e+006 -212352 0 0.293318 
1.59244e+006 -245639 0 0.374461 
1.64341e+006 -266999 0 0.180584 
1.66728e+006 -248482 0 0.163585 
1.63503e+006 -364446 0 0.229418 
1.62088e+006 -420783 0 0.265593 
1.56297e+006 -491057 0 0.269744 
1.63376e+006 -482888 0 0.242917 
1.5153e+006 -443423 0 0.319512 
1.56118e+006 -312309 0 0.379365 
1.47889e+006 -312640 0 0.354033 
1.5188e+006 -325318 0 0.382438 
1.53869e+006 -406894 0 0.287632 
1.56674e+006 -378164 0 0.289234 
1.48656e+006 -385684 0 0.312735 
1.68967e+006 -725206 0 0.211573 
1.67955e+006 -660029 0 0.169151 
1.72389e+006 -569677 0 0.170576 
1.66015e+006 -605002 0 0.176098 
1.68204e+006 -559316 0 0.209588 
1.6235e+006 -582650 0 0.204629 
1.66087e+006 -529506 0 0.202817 
1.58012e+006 -539920 0 0.225832 
1.60279e+006 -600670 0 0.232546 
1.42627e+006 -382695 0 0.329959 
1.4529e+006 -524700 0 0.337195 
1.42011e+006 -476280 0 0.34643 
1.61114e+006 -638602 0 0.131825 
1.56005e+006 -587939 0 0.227282 
1.57898e+006 -655648 0 0.173614 
1.5643e+006 -699514 0 0.184146 
1.51908e+006 -660619 0 0.219604 
1.50687e+006 -608761 0 0.275738 
1.34466e+006 -407852 0 0.3223 
1.32297e+006 -476191 0 0.311314 
1.27981e+006 -479158 0 -0.0906838 
1.5211e+006 -518000 0 0.283985 
1.53939e+006 -600623 0 0.200603 
1.48507e+006 -553963 0 0.283612 
1.48552e+006 -596265 0 0.275485 
1.41163e+006 -550419 0 0.314303 
1.37332e+006 -488939 0 0.262527 
1.30282e+006 -544864 0 0.210369 
1.41838e+006 -609764 0 0.357178 
1.37382e+006 -616010 0 0.338178 
1.48763e+006 -699792 0 0.236529 
1.46996e+006 -722453 0 0.251853 
1.44478e+006 -726261 0 0.308185 
1.42069e+006 -674594 0 0.282431 
1.34267e+006 -646357 0 0.345731 
1.26977e+006 -748582 0 0.233793 
1.23114e+006 -808239 0 0.250623 
1.16174e+006 -780972 0 0.271709 
1.18836e+006 -731227 0 0.316364 
1.12354e+006 -730235 0 0.332615 
1.12382e+006 -780028 0 0.271006 
1.2328e+006 -367202 0 0.613656 
1.23945e+006 -382038 0 0.562698 
1.23793e+006 -400712 0 0.502196 
1.19272e+006 -339143 0 0.483211 
1.14402e+006 -391695 0 0.173473 
1.13685e+006 -349014 0 0.305628 
1.15679e+006 -416499 0 0.0668528 
1.0872e+006 -457705 0 0.335119 
1.02944e+006 -450853 0 0.301209 
1.12626e+006 -457273 0 -0.0572051 
1.07358e+006 -550506 0 0.5757 
1.02986e+006 -556763 0 0.230814 
1.06165e+006 -668041 0 0.252521 
1.00982e+006 -624253 0 -0.117647 
996032 -667339 0 -0.00533785 
1.19504e+006 -462554 0 0.831702 
1.12464e+006 -585794 0 0.633943 
1.12618e+006 -518862 0 0.145284 
1.21616e+006 -488561 0 0.192254 
1.23667e+006 -498834 0 0.117952 
1.22822e+006 -543332 0 0.173394 
1.24049e+006 -574389 0 0.362467 
1.16694e+006 -593248 0 0.201563 
1.13466e+006 -648419 0 0.59924 
1.4374e+006 -775401 0 0.261198 
1.39981e+006 -726369 0 0.276747 
1.33776e+006 -774325 0 0.264257 
1.37676e+006 -821860 0 0.243881 
1.32884e+006 -832307 0 0.259174 
1.29115e+006 -850709 0 0.241246 
1.28847e+006 -936459 0 0.204282 
1.30153e+006 -897300 0 0.202548 
1.23239e+006 -863412 0 0.243843 
1.18214e+006 -883131 0 0.234032 
1.23095e+006 -910827 0 0.236959 
1.17313e+006 -911980 0 0.224169 
1.09566e+006 -840588 0 0.247264 
1.15662e+006 -839957 0 0.245019 
1.25836e+006 -613382 0 0.321319 
1.27981e+006 -659905 0 0.325534 
1.29275e+006 -699519 0 0.280297 
1.20531e+006 -659904 0 0.29125 
1.1464e+006 -688904 0 0.42405 
1.08575e+006 -705332 0 0.307577 
1.02881e+006 -766950 0 0.215963 
1.0108e+006 -732299 0 0.0295969 
1.0834e+006 -775748 0 0.253766 
987471 -797735 0 0.118293 
1.6011e+006 -737793 0 0.231824 
1.60601e+006 -758093 0 0.227453 
1.60845e+006 -794186 0 0.238813 
1.49917e+006 -818657 0 0.296284 
1.56655e+006 -883795 0 0.243586 
1.53383e+006 -888389 0 0.280518 
1.48876e+006 -868481 0 0.292516 
1.56447e+006 -827516 0 0.247126 
1.41934e+006 -893697 0 0.280739 
1.50066e+006 -939967 0 0.307325 
1.52013e+006 -915888 0 0.284037 
1.44473e+006 -922794 0 0.286344 
1.53594e+006 -762184 0 0.251572 
1.48752e+006 -780355 0 0.259303 
1.42611e+006 -858828 0 0.248773 
1.36898e+006 -872258 0 0.219681 
1.35004e+006 -977676 0 0.273568 
1.43099e+006 -960687 0 0.329299 
1.43099e+006 -989771 0 0.379979 
1.32589e+006 -953680 0 0.140153 
1.28783e+006 -1.04048e+006 0 0.487012 
1.21999e+006 -1.05042e+006 0 0.531237 
1.24348e+006 -985736 0 0.339064 
1.178e+006 -1.00623e+006 0 0.326998 
1.12686e+006 -1.04419e+006 0 0.295086 
1.11099e+006 -1.08566e+006 0 0.297183 
1.07865e+006 -989115 0 0.227175 
1.22296e+006 -955296 0 0.273128 
1.14282e+006 -939175 0 0.201324 
1.1223e+006 -972120 0 0.161537 
1.07089e+006 -893030 0 0.218849 
1.03326e+006 -838330 0 0.210036 
414465 283074 0 -0.236793 
426077 252300 0 -0.421904 
502995 252020 0 -0.448951 
459535 163277 0 -0.301907 
444426 209624 0 -0.365787 
394390 202003 0 -0.319013 
367219 171651 0 -0.536653 
381975 129955 0 -0.39443 
448426 110574 0 -0.441775 
405705 85230.4 0 -0.312001 
472570 68083.6 0 -0.663206 
434007 41461.4 0 -0.194252 
439808 3587.55 0 0.717548 
532102 26092.8 0 -0.489061 
500951 111218 0 -0.362444 
261667 44098.9 0 0.395404 
310855 53349.9 0 0.503898 
291828 -13479.4 0 0.354717 
351794 -16998.7 0 0.258411 
348967 61845.5 0 -0.0480261 
311913 -80454.6 0 0.337179 
436434 -58628.2 0 0.322073 
375577 -72662.8 0 0.311271 
465724 -134964 0 0.300474 
427725 -100234 0 0.318726 
500513 -99046.5 0 0.304835 
485958 -24416.1 0 -0.258317 
604060 146459 0 -0.169188 
645384 153957 0 -0.0428782 
548678 174096 0 0.401175 
521617 134178 0 -0.128837 
574881 67389.2 0 -0.455783 
585339 -12654.7 0 -0.147005 
541935 -56158.3 0 -0.0447874 
656481 -47867.6 0 0.0248726 
589731 -66645.7 0 -0.0255441 
691938 -37990.5 0 0.00165253 
721607 -80664.4 0 -0.241114 
739930 -11001.3 0 -0.10214 
640523 -107215 0 -0.0307768 
691967 127836 0 -0.497787 
779908 170757 0 -0.4591 
749306 132997 0 0.0617218 
736154 92813.2 0 -0.0779823 
670692 25728.1 0 0.257024 
711434 17862.7 0 0.0539873 
640218 66781.1 0 -0.155211 
710507 -138891 0 -0.179319 
655590 -142864 0 -0.0717723 
752037 -205278 0 -0.124321 
671519 -190496 0 -0.0510128 
800281 -249495 0 -0.107362 
738421 -259312 0 -0.0507891 
813385 136126 0 -0.127812 
806249 57754 0 -0.0450241 
804196 -40250.9 0 -0.436509 
800139 -108970 0 -0.392151 
796914 -147122 0 -0.312336 
748716 -120225 0 -0.26373 
780167 -338627 0 0.00727779 
651643 -220928 0 -0.0430934 
763074 -307479 0 -0.0388443 
768225 -408941 0 -0.130557 
557288 -325786 0 0.320842 
615463 -354540 0 0.148608 
688322 -402735 0 0.0636336 
580747 -153713 0 0.0430571 
565470 -177417 0 0.072216 
530979 -168106 0 0.135825 
560675 -219591 0 0.0420064 
630466 -269931 0 0.0345323 
726478 -323908 0 -0.0283956 
540878 -246551 0 0.226297 
627975 -313084 0 0.0746646 
686371 -355659 0 0.0284879 
903763 -193310 0 -0.428324 
891556 -124725 0 -0.280511 
834541 -215526 0 -0.225572 
858693 -195093 0 -0.330714 
859441 -289079 0 0.196838 
928175 -252229 0 0.373093 
854833 -332606 0 0.33631 
358043 -112935 0 0.313747 
433388 -193815 0 0.34255 
461228 -180849 0 0.318335 
505654 -329466 0 0.283395 
500553 -229726 0 0.263765 
444954 -286996 0 0.343255 
453589 -340638 0 0.358334 
527057 -387004 0 0.332369 
632945 -421038 0 0.179944 
703829 -479973 0 0.0484357 
667071 -484958 0 0.11172 
680299 -514561 0 0.135748 
757259 -562475 0 0.175855 
664868 -538992 0 0.236436 
678133 -589341 0 0.289744 
730492 -576316 0 0.215708 
760173 -618943 0 0.29288 
828990 -630408 0 0.295839 
1.0776e+006 -322219 0 0.38176 
1.04284e+006 -388419 0 0.399286 
1.02168e+006 -285597 0 0.617953 
991727 -270980 0 0.826863 
967148 -348284 0 0.600555 
958216 -199826 0 0.619382 
944830 -302139 0 0.616961 
895864 -364230 0 0.715266 
955904 -389375 0 0.497206 
846069 -456153 0 -0.169662 
920366 -427352 0 0.284884 
829490 -413858 0 0.0248877 
953750 -488482 0 0.0452711 
908095 -546953 0 -0.0607565 
862889 -504903 0 -0.0751676 
920321 -471124 0 0.0678768 
779065 -473572 0 -0.0592796 
815914 -550124 0 0.0352955 
857681 -584349 0 0.0868491 
854979 -678324 0 0.541431 
775670 -738720 0 0.3288 
753720 -712514 0 0.327962 
817713 -732438 0 0.345878 
908259 -760179 0 -0.0959479 
953290 -715868 0 -0.00631104 
886542 -796707 0 0.0506922 
958074 -795420 0 0.053208 
972833 -533228 0 -0.104286 
943865 -626690 0 -0.158363 
909601 -608248 0 -0.0116925 
889397 -673186 0 0.25595 
901865 -1.01434e+006 0 0.237384 
996020 -852869 0 0.183376 
984653 -897107 0 0.231955 
1.02267e+006 -918767 0 0.252317 
994759 -946986 0 0.289357 
1.00492e+006 -977078 0 0.311273 
946959 -942266 0 0.276933 
1.03472e+006 -1.04923e+006 0 0.265459 
977922 -1.00244e+006 0 0.380051 
944875 -1.01832e+006 0 0.276025 
964942 -1.0451e+006 0 0.2051 
920539 -1.05412e+006 0 0.231307 
855865 -1.13588e+006 0 0.259113 
945919 -846691 0 0.131837 
843075 -796136 0 0.155485 
871319 -1.049e+006 0 0.239118 
906055 -896593 0 0.211906 
834769 -1.03743e+006 0 0.239867 
754575 -1.0709e+006 0 0.350422 
822158 -993287 0 0.268957 
811508 -1.1351e+006 0 0.303455 
831010 -1.10123e+006 0 0.251317 
770377 -1.1525e+006 0 0.347207 
757626 -1.11972e+006 0 0.344977 
832618 -1.2745e+006 0 0.306343 
983675 -1.10195e+006 0 0.229528 
908926 -1.15824e+006 0 0.254651 
961048 -1.13962e+006 0 0.247912 
918542 -1.0923e+006 0 0.250925 
965424 -1.18272e+006 0 0.263736 
915251 -1.26408e+006 0 0.300354 
871461 -1.22607e+006 0 0.292278 
872164 -1.34015e+006 0 0.314566 
847529 -1.2847e+006 0 0.307144 
596737 -1.13441e+006 0 0.401231 
647109 -1.18369e+006 0 0.341951 
607992 -1.20221e+006 0 0.356273 
686504 -1.24357e+006 0 0.40825 
729648 -1.29905e+006 0 0.381215 
685003 -1.14521e+006 0 0.355654 
741988 -1.22908e+006 0 0.378572 
772184 -1.23596e+006 0 0.319936 
684856 -1.322e+006 0 0.389212 
740247 -1.37719e+006 0 0.390642 
766760 -1.48865e+006 0 0.38785 
728890 -1.40139e+006 0 0.402333 
693387 -1.39707e+006 0 0.404677 
741577 -1.45221e+006 0 0.418241 
784600 -1.46707e+006 0 0.369903 
800706 -1.46048e+006 0 0.338321 
785008 -1.3234e+006 0 0.360792 
816186 -1.31718e+006 0 0.329143 
823518 -1.379e+006 0 0.336003 
844864 -1.38963e+006 0 0.330946 
975389 -1.24071e+006 0 0.337808 
910982 -1.33729e+006 0 0.314289 
887025 -1.4058e+006 0 0.323017 
840536 -1.43606e+006 0 0.323399 
864655 -1.45738e+006 0 0.315765 
836423 -1.49274e+006 0 0.306701 
848378 -1.56659e+006 0 0.245649 
836525 -1.52483e+006 0 0.286471 
877948 -1.53203e+006 0 0.268948 
906319 -1.54265e+006 0 0.259682 
910004 -1.59281e+006 0 0.218173 
922997 -1.51968e+006 0 0.280078 
834589 -1.57733e+006 0 0.248238 
818327 -1.59294e+006 0 0.234734 
763925 -1.5541e+006 0 0.327349 
783287 -1.63123e+006 0 0.197496 
732331 -1.57771e+006 0 0.317738 
719108 -1.64324e+006 0 0.133755 
681921 -1.59147e+006 0 0.35448 
671333 -1.54087e+006 0 0.535307 
638509 -1.58731e+006 0 0.40297 
645262 -1.64031e+006 0 0.293871 
1.06162e+006 -1.69869e+006 0 0.270507 
964142 -1.55508e+006 0 0.269432 
960111 -1.59087e+006 0 0.259034 
1.00241e+006 -1.62266e+006 0 0.25508 
950748 -1.64927e+006 0 0.212762 
897057 -1.6708e+006 0 0.128874 
-201822 425760 0 0.656808 
-152526 406898 0 0.679987 
-46489.3 330623 0 0.575463 
-3877.63 401565 0 0.46796 
-85798.1 393196 0 0.605998 
262885 109998 0 0.32734 
291946 92716.7 0 0.290176 
320080 182460 0 0.0379373 
256710 185875 0 0.387202 
207699 134226 0 0.357581 
282353 208003 0 0.49073 
231416 258940 0 0.238232 
302178 256487 0 0.247928 
180090 292937 0 0.287697 
79269.6 371145 0 0.379731 
8012.62 320198 0 0.511686 
123924 283047 0 0.355852 
145061 206044 0 0.314025 
187382 211015 0 0.279464 
248238 297891 0 0.287034 
391599 347352 0 0.0371312 
289685 334766 0 0.363286 
319434 379932 0 0.133722 
324682 313494 0 0.185914 
234251 342722 0 0.300818 
184514 337099 0 0.310238 
168744 362081 0 0.301813 
252595 368977 0 0.287771 
166159 394345 0 0.334189 
225088 409675 0 0.288343 
257299 424023 0 0.216141 
112816 430577 0 0.359226 
309155 429619 0 0.182152 
629936 358949 0 0.290493 
560414 356156 0 0.214295 
518587 403769 0 0.420431 
442778 403412 0 0.19497 
515720 350448 0 0.131629 
460583 341719 0 -0.00341853 
393916 398234 0 0.139425 
386440 419644 0 0.167205 
362449 449071 0 0.188385 
-1.01119e+006 524584 0 -0.193575 
-988140 508308 0 -0.165197 
-998622 50933.7 0 0.201561 
-992232 96950.5 0 0.212721 
-947493 90925.4 0 0.0803809 
-1.02362e+006 153260 0 0.403148 
-932946 159328 0 0.283921 
-935109 201838 0 0.422179 
-913709 93567 0 -0.0359665 
-870308 114614 0 0.0489997 
-892376 229433 0 0.324772 
-860487 331635 0 0.146258 
-848647 262403 0 0.237818 
-926512 358464 0 0.0668966 
-816622 300526 0 0.182012 
-947083 445212 0 -0.3367 
-933467 483828 0 -0.230311 
-846171 431930 0 -0.028383 
-843849 466573 0 0.000524262 
-886629 387206 0 -0.0288467 
-723935 361785 0 0.165273 
-770128 323234 0 0.170357 
-747045 277200 0 0.204456 
-573223 325639 0 0.421803 
-525396 277823 0 0.440892 
-488130 244257 0 0.558262 
-736745 201606 0 0.225781 
-624540 213110 0 0.388004 
-658125 243917 0 0.255427 
-664863 272619 0 0.239577 
-607713 280408 0 0.379644 
-952845 506987 0 -0.19203 
-742653 458028 0 0.173351 
-732036 484913 0 0.182206 
-649403 426611 0 0.237201 
-747422 412356 0 0.183379 
-777532 462550 0 0.126184 
-700623 471388 0 0.215137 
-674460 468154 0 0.209827 
-647836 389812 0 0.248629 
-614510 454370 0 0.2722 
-564948 455704 0 0.302671 
-509492 382328 0 0.445964 
-535189 443692 0 0.42229 
-575451 376390 0 0.315771 
-507304 442858 0 0.436788 
-471377 414497 0 0.467785 
-435318 360948 0 0.520225 
-407672 298595 0 0.524872 
-400162 417363 0 0.500506 
-437800 430176 0 0.470756 
-337209 350064 0 0.554609 
-342799 409435 0 0.524692 
-295635 430337 0 0.633184 
-813585 14969.5 0 -0.113368 
-802322 119078 0 0.106123 
-820598 162663 0 0.154343 
-706876 126248 0 0.2857 
-759527 86324.2 0 0.166874 
-727377 48602.2 0 0.257905 
-634552 147123 0 0.399893 
-655155 93159.9 0 0.42268 
-752106 -133253 0 0.185456 
-735395 -178914 0 0.235642 
-717356 -212211 0 0.273484 
-642734 -200146 0 0.288674 
-671027 -156778 0 0.353893 
-618287 -156271 0 0.405134 
-667803 -89540.5 0 0.38857 
-596227 -81821.3 0 0.427206 
-716960 -55177.4 0 0.279632 
-631098 10501.4 0 0.662368 
-689154 -25178.5 0 0.397427 
-772152 -12351.8 0 0.0283303 
-761140 -46676.4 0 0.0986885 
-688726 11670.4 0 0.418568 
-597518 96882.5 0 0.444244 
-586108 50511.7 0 0.464959 
-543167 14744.3 0 0.272212 
-467179 97328 0 0.537145 
-558752 -119583 0 0.415283 
-485670 -78060.5 0 0.487255 
-561249 -170565 0 0.372891 
-510078 -161809 0 0.447291 
-527199 -67783.1 0 0.431155 
-527627 -28951.2 0 0.39239 
-451439 28414.3 0 0.5306 
-422788 -5266.25 0 0.611319 
-394658 118254 0 0.6123 
-422841 103555 0 0.5747 
-506478 176259 0 0.53355 
-547220 209583 0 0.434475 
-522567 99490.9 0 0.47261 
-349581 262213 0 0.609557 
-360990 161848 0 0.621968 
-182353 340740 0 0.632472 
-263258 391032 0 0.636833 
-339747 60687.4 0 0.792745 
-347130 79659.5 0 0.742038 
-278229 196899 0 0.636513 
-306752 226009 0 0.625356 
-233474 288603 0 0.628161 
-455098 -156645 0 0.49888 
-447782 -181370 0 0.515602 
-394157 -139319 0 0.6772 
-369736 -200349 0 0.578626 
-414799 -201002 0 0.52921 
-309307 -179191 0 0.73511 
-340504 -119705 0 0.824045 
-313023 -218059 0 0.628422 
-259485 -142529 0 0.915844 
-269644 -101796 0 1.05401 
-224196 -92050 0 1.15545 
-142510 -54493.3 0 1.36813 
-185424 -16087.8 0 1.09888 
-402836 -76045.5 0 0.660931 
-273008 -31297.5 0 1.33053 
-322811 -53880.8 0 1.0252 
-67937.5 258961 0 0.569594 
-37518.3 105948 0 0.557957 
4153.2 207615 0 0.532064 
8609.14 141786 0 0.54164 
-38422.7 -12054.6 0 0.68241 
32010.7 80415 0 0.561957 
-170719 247169 0 0.617391 
-204756 204765 0 0.640601 
-118174 193494 0 0.57921 
-180927 159985 0 0.641455 
-177128 129414 0 0.637497 
-84774 151466 0 0.556822 
-242210 115013 0 0.736699 
-240645 76912.4 0 0.818073 
-124915 79958.9 0 0.549107 
-271955 21516.6 0 1.04572 
-218768 34803.5 0 0.931349 
-122390 27810.6 0 0.502958 
59127.1 -144293 0 0.590611 
-99924.1 -97191.9 0 1.00778 
16894.6 -41830.1 0 0.661188 
-4287.96 -115346 0 0.688689 
75572.4 -96216.9 0 0.594254 
-226721 -207199 0 0.684374 
-122846 -157409 0 0.83149 
-98831.4 -193564 0 0.69077 
-11588.8 -157136 0 0.657327 
81630.6 -221056 0 0.528958 
-320337 -263695 0 0.471064 
-207295 -276148 0 0.474576 
-34936.6 -255568 0 0.478722 
-121075 -266978 0 0.44246 
782.719 -215919 0 0.553477 
123841 -263880 0 0.532433 
52380.7 279020 0 0.400208 
59577.4 245787 0 0.463092 
127924 157154 0 0.334623 
97215.6 117822 0 0.449583 
159728 52717.7 0 0.395287 
143601 -42583.9 0 0.543045 
49933.4 38440.6 0 0.556171 
83924.2 27888.6 0 0.524964 
74905.6 -32431.2 0 0.581136 
197877 47755.6 0 0.315364 
167151 -149121 0 0.600164 
192562 -239929 0 0.450592 
228712 -169233 0 0.43247 
208226 -66296.4 0 0.392455 
205430 -22562.9 0 0.301909 
245286 -36906 0 0.320767 
272603 -155560 0 0.398187 
318697 -152742 0 0.381437 
-534005 -465120 0 0.0748346 
-567342 -374863 0 0.240634 
-563396 -290964 0 0.394723 
-518019 -334141 0 0.309638 
-502990 -290907 0 0.262433 
-645235 -247701 0 0.305354 
-515229 -225707 0 0.4013 
-422128 -260772 0 0.449412 
-282077 -340691 0 0.371255 
-489797 -398226 0 0.174287 
-433407 -326960 0 0.343727 
-379607 -364981 0 0.291323 
-301710 -376201 0 0.325349 
-129891 -397070 0 0.106437 
-498242 -638115 0 0.16497 
-452721 -608205 0 0.336702 
-390191 -548852 0 0.208807 
-470697 -566368 0 0.512767 
-453580 -531721 0 0.0973094 
-452141 -496206 0 0.0315422 
-447508 -459864 0 0.0828601 
-407931 -450086 0 0.158119 
-386616 -443682 0 0.19248 
-375249 -585016 0 0.250314 
-354514 -592702 0 0.23863 
-284169 -489731 0 0.128845 
-308015 -569366 0 0.227863 
-319192 -467896 0 0.124193 
-381063 -406086 0 0.246117 
-281030 -412422 0 0.231505 
-307346 -429903 0 0.229927 
-142730 -433400 0 0.0571621 
5883.2 -451384 0 0.418185 
79103.4 -465807 0 0.474431 
163534 -426341 0 0.501821 
221719 -380919 0 0.515305 
308259 -416042 0 0.636768 
278307 -438821 0 0.768193 
-112360 -323054 0 0.236483 
-103103 -353226 0 0.116873 
61497.5 -391620 0 0.627354 
14272 -414383 0 0.457925 
35392.6 -400468 0 0.538396 
-47586 -311371 0 0.341968 
93074.6 -380307 0 0.204697 
22889.9 -314872 0 0.396741 
184197 -386652 0 0.520042 
114038 -356035 0 0.638352 
110456 -304780 0 0.553369 
196100 -299712 0 0.474864 
255332 -353051 0 0.415464 
255444 -305722 0 0.423183 
318667 -317539 0 0.453379 
323770 -218789 0 0.416298 
372081 -207999 0 0.381208 
324955 -275375 0 0.423062 
368075 -276507 0 0.429917 
342432 -388978 0 0.555851 
376933 -321934 0 0.467514 
349616 -442902 0 0.56813 
388703 -391011 0 0.46911 
413849 -393662 0 0.459471 
370216 -477115 0 0.529052 
397852 -512345 0 0.498409 
327740 -483639 0 0.589652 
334584 -548163 0 0.486955 
344103 -523495 0 0.514948 
434426 -414097 0 0.430002 
430015 -482046 0 0.45344 
433806 -592447 0 0.449007 
462438 -538368 0 0.495415 
442786 -486283 0 0.475048 
-245254 -586611 0 0.160544 
-219921 -531809 0 0.157368 
-212919 -609023 0 0.161144 
-88423.1 -527357 0 0.261725 
-164559 -495356 0 0.12804 
-152423 -469259 0 0.143325 
-81943.5 -480421 0 0.232233 
-49548.8 -477727 0 0.290642 
16839.8 -513332 0 0.344532 
-100552 -606804 0 0.276923 
-9120.6 -559528 0 0.298103 
-154485 -616516 0 0.181358 
-138827 -592285 0 0.17819 
-35434.4 -552658 0 0.278529 
-17813.3 -584241 0 0.284994 
117075 -541904 0 0.487048 
217093 -601712 0 0.453063 
-164872 -668535 0 0.161844 
-204614 -653581 0 0.161705 
-42946.9 -688774 0 0.295428 
-135787 -697413 0 0.190207 
-58428.6 -665248 0 0.302207 
98756.3 -696184 0 0.367411 
30210.7 -671099 0 0.356795 
230394 -685255 0 0.397034 
26443.5 -652229 0 0.315928 
159369 -665880 0 0.396547 
-51.9095 -602438 0 0.292322 
91611.4 -582673 0 0.410197 
-16185 -627495 0 0.277398 
87384.8 -622767 0 0.392277 
176384 -627265 0 0.422736 
285115 -658654 0 0.405906 
338781 -634728 0 0.400854 
377037 -599547 0 0.417261 
414425 -646454 0 0.323257 
207164 -435033 0 0.571033 
268295 -504966 0 0.601998 
185865 -471286 0 0.535903 
226290 -496311 0 0.568619 
293674 -583542 0 0.475564 
157653 -513571 0 0.470303 
241666 -556686 0 0.509001 
498403 -521358 0 0.486358 
524733 -472028 0 0.408062 
577752 -532618 0 0.399352 
589389 -455174 0 0.273351 
615007 -544819 0 0.363617 
634439 -573962 0 0.366268 
389692 -705769 0 0.367082 
461124 -721863 0 0.383191 
460890 -761045 0 0.36097 
471287 -789508 0 0.35754 
539500 -757745 0 0.408487 
558244 -811740 0 0.392547 
593930 -785591 0 0.374599 
518188 -703502 0 0.458162 
625373 -735402 0 0.334151 
622367 -777346 0 0.328103 
679915 -719009 0 0.321234 
670315 -805179 0 0.299223 
708174 -805604 0 0.28759 
711229 -741272 0 0.301384 
517971 -623644 0 0.637927 
662832 -655322 0 0.35972 
594114 -677562 0 0.436105 
559159 -651942 0 0.519549 
770712 -657232 0 0.35866 
567733 -954465 0 0.379125 
591921 -869093 0 0.370226 
638299 -910616 0 0.347882 
729660 -972752 0 0.315233 
641202 -977686 0 0.333195 
693629 -889093 0 0.332722 
824940 -836674 0 0.182192 
780641 -844678 0 0.252588 
807872 -904511 0 0.236452 
755805 -911925 0 0.256883 
766279 -879663 0 0.256415 
759722 -949326 0 0.303608 
792033 -1.00059e+006 0 0.287771 
713479 -1.01385e+006 0 0.31116 
-513647 -691907 0 0.161472 
-436555 -724502 0 0.154729 
-416144 -678622 0 0.199313 
-387060 -686338 0 0.192485 
-352817 -739189 0 0.162019 
-432127 -794215 0 0.1207 
-388254 -806889 0 0.130797 
-333862 -705561 0 0.174273 
-254076 -758107 0 0.154967 
-362266 -843574 0 0.128708 
-270101 -674489 0 0.166538 
-293270 -678960 0 0.172096 
-242843 -816069 0 0.148732 
-125871 -767118 0 0.184787 
-146665 -722840 0 0.161164 
-57147.3 -803956 0 0.304693 
54258.3 -782979 0 0.320864 
-7870.04 -755253 0 0.283082 
1869.18 -779316 0 0.32036 
-28677.2 -722458 0 0.292111 
57242.3 -725228 0 0.346534 
83833.3 -791125 0 0.32164 
165010 -772130 0 0.352697 
138661 -728719 0 0.36355 
206799 -752820 0 0.369189 
219920 -802784 0 0.355692 
152504 -792496 0 0.336208 
141960 -813805 0 0.323449 
219717 -829499 0 0.35165 
270441 -781943 0 0.369886 
277264 -827708 0 0.410529 
-308371 -885939 0 0.134862 
-203926 -881750 0 0.146714 
-165587 -850071 0 0.156786 
-214695 -846839 0 0.147729 
-182976 -818275 0 0.158958 
-89310.3 -873783 0 0.166464 
-45914.2 -843743 0 0.265145 
17699.8 -866493 0 0.26602 
85677.4 -927764 0 0.21522 
185039 -992031 0 0.360756 
278473 -986975 0 0.453031 
284582 -877559 0 0.419752 
89708.2 -877891 0 0.25718 
110197 -856838 0 0.283096 
186792 -905397 0 0.356474 
195613 -863391 0 0.348681 
270777 -943346 0 0.4198 
354377 -783352 0 0.387369 
334485 -800933 0 0.387932 
396752 -881804 0 0.397237 
345716 -835316 0 0.438653 
399318 -971435 0 0.43906 
344163 -887301 0 0.438658 
341889 -940633 0 0.426751 
325287 -709044 0 0.381575 
257505 -736214 0 0.379541 
301145 -730313 0 0.379465 
392609 -770944 0 0.370758 
433387 -834202 0 0.340579 
463322 -903479 0 0.42039 
506510 -853853 0 0.359539 
511905 -914382 0 0.398609 
442039 -947278 0 0.424761 
-412375 -905339 0 0.103186 
-449866 -928699 0 0.0597966 
-412406 -988724 0 0.0721236 
-458031 -997321 0 0.0617873 
-417823 -1.06038e+006 0 0.0803176 
-344098 -1.05882e+006 0 0.144337 
-347604 -991945 0 0.167099 
-335658 -1.10007e+006 0 0.203847 
-265513 -1.06221e+006 0 0.208934 
-283834 -996525 0 0.181701 
-261150 -970200 0 0.183649 
-307481 -954103 0 0.174576 
-185019 -1.04992e+006 0 0.239339 
-85053.6 -1.02143e+006 0 0.184705 
72787.6 -1.01173e+006 0 0.237289 
243331 -1.09404e+006 0 0.435434 
277009 -1.08768e+006 0 0.47221 
396028 -1.09699e+006 0 0.462071 
-222708 -921917 0 0.186639 
-97393.6 -909187 0 0.183756 
-187995 -956107 0 0.189376 
-144415 -979138 0 0.190578 
-26612.6 -932674 0 0.207762 
-64362 -976017 0 0.222457 
7699.01 -965248 0 0.192706 
61388.5 -956199 0 0.147431 
315530 -1.06607e+006 0 0.531441 
310517 -1.0317e+006 0 0.499287 
368789 -1.00097e+006 0 0.471499 
428153 -1.03098e+006 0 0.420595 
489385 -983891 0 0.401277 
478452 -1.04726e+006 0 0.397476 
491331 -1.09859e+006 0 0.444547 
545907 -1.03111e+006 0 0.386876 
601756 -1.03503e+006 0 0.392351 
663926 -1.0591e+006 0 0.394113 
582935 -1.08076e+006 0 0.413557 
699893 -1.04568e+006 0 0.313943 
607568 -1.09774e+006 0 0.431875 
709975 -1.12003e+006 0 0.37255 
-258310 -1.12786e+006 0 0.244833 
-228987 -1.09888e+006 0 0.24331 
-131932 -1.12554e+006 0 0.192492 
-172175 -1.15444e+006 0 0.26459 
-46331.9 -1.14965e+006 0 0.2646 
-83121.6 -1.10251e+006 0 0.226207 
8021.76 -1.12615e+006 0 0.260873 
-97074.9 -1.07185e+006 0 0.188541 
2112.66 -1.07143e+006 0 0.246225 
75786 -1.11869e+006 0 0.313414 
10101.5 -1.10288e+006 0 0.253542 
23256.2 -1.1716e+006 0 0.287022 
105478 -1.20004e+006 0 0.317893 
-83952.1 -1.18707e+006 0 0.288339 
-72160.9 -1.22108e+006 0 0.293319 
32084.4 -1.20738e+006 0 0.286445 
217060 -1.21757e+006 0 0.332613 
145922 -1.1443e+006 0 0.372756 
119986 -1.16839e+006 0 0.318734 
-9698.7 -1.23536e+006 0 0.288071 
-11924.4 -1.25964e+006 0 0.290978 
107088 -1.23677e+006 0 0.33749 
64967.6 -1.22794e+006 0 0.318755 
177396 -1.16687e+006 0 0.348122 
140297 -1.25521e+006 0 0.333699 
286660 -1.22627e+006 0 0.345651 
17664.5 -1.03576e+006 0 0.231219 
128023 -1.08155e+006 0 0.349678 
238139 -1.1473e+006 0 0.385873 
302489 -1.18997e+006 0 0.38849 
367763 -1.24062e+006 0 0.39487 
331771 -1.19104e+006 0 0.405048 
365395 -1.15896e+006 0 0.438028 
339758 -1.17005e+006 0 0.423769 
428412 -1.1605e+006 0 0.436452 
491321 -1.23796e+006 0 0.413619 
465417 -1.17923e+006 0 0.402375 
503129 -1.15947e+006 0 0.41462 
539134 -1.20076e+006 0 0.398709 
582546 -1.26813e+006 0 0.40872 
618319 -1.3907e+006 0 0.445233 
627882 -1.31719e+006 0 0.412539 
601196 -1.35201e+006 0 0.431314 
606285 -1.29268e+006 0 0.410221 
609864 -1.4117e+006 0 0.456166 
678790 -1.46419e+006 0 0.463033 
670300 -1.40181e+006 0 0.416454 
650004 -1.38439e+006 0 0.434505 
395602 -1.27677e+006 0 0.419767 
499015 -1.27115e+006 0 0.421231 
443820 -1.29508e+006 0 0.42542 
570368 -1.36347e+006 0 0.442741 
480986 -1.31884e+006 0 0.428797 
536342 -1.32767e+006 0 0.436992 
490896 -1.34742e+006 0 0.439501 
379367 -1.33691e+006 0 0.469996 
503576 -1.38658e+006 0 0.467586 
414490 -1.33015e+006 0 0.454511 
589381 -1.45995e+006 0 0.483907 
613107 -1.55854e+006 0 0.452478 
431023 -1.42954e+006 0 0.494363 
492449 -1.51432e+006 0 0.513423 
565838 -1.57378e+006 0 0.426559 
480811 -1.43624e+006 0 0.483764 
543538 -1.48696e+006 0 0.490211 
538022 -1.58089e+006 0 0.422465 
537744 -1.62222e+006 0 0.358272 
188649 -1.29994e+006 0 0.32453 
249519 -1.36051e+006 0 0.361401 
271540 -1.28545e+006 0 0.266805 
241367 -1.30195e+006 0 0.304105 
328592 -1.38421e+006 0 0.574865 
325776 -1.31092e+006 0 0.403443 
366701 -1.37893e+006 0 0.521951 
318646 -1.44217e+006 0 0.450924 
301804 -1.40988e+006 0 0.421324 
390807 -1.46808e+006 0 0.489946 
437412 -1.54793e+006 0 0.589242 
508009 -1.63938e+006 0 0.324928 
426504 -1.60747e+006 0 0.465001 
418671 -1.6437e+006 0 0.418725 
464711 -1.60886e+006 0 0.435453 
446075 -1.6749e+006 0 0.375611 
575288 -1.66009e+006 0 0.31843 
537690 -1.68226e+006 0 0.31799 
491829 -1.66492e+006 0 0.339229 
475001 -1.71561e+006 0 0.344201 
448076 -1.73369e+006 0 0.35466 
-285168 -1.2166e+006 0 0.267931 
-234929 -1.20167e+006 0 0.268567 
-151577 -1.28389e+006 0 0.344884 
-152905 -1.32141e+006 0 0.349021 
-221037 -1.17269e+006 0 0.265726 
-144284 -1.23291e+006 0 0.315332 
-74344.8 -1.29011e+006 0 0.292854 
49945.7 -1.2912e+006 0 0.288787 
-3724.86 -1.38089e+006 0 0.281016 
17108.4 -1.33553e+006 0 0.291122 
85226.5 -1.3369e+006 0 0.296006 
81303.6 -1.37925e+006 0 0.301046 
163084 -1.35743e+006 0 0.325164 
244264 -1.43753e+006 0 0.379872 
242343 -1.49099e+006 0 0.379099 
200764 -1.44702e+006 0 0.359905 
323514 -1.55861e+006 0 0.432238 
306268 -1.61588e+006 0 0.407653 
353224 -1.53369e+006 0 0.468733 
390311 -1.68539e+006 0 0.380951 
162704 -1.45961e+006 0 0.349226 
189658 -1.50797e+006 0 0.363192 
185810 -1.53551e+006 0 0.362976 
275853 -1.55935e+006 0 0.395943 
229958 -1.58792e+006 0 0.365931 
-273843 -1.27834e+006 0 0.31964 
-119818 -1.37331e+006 0 0.350797 
-286956 -1.35304e+006 0 0.326597 
-210355 -1.39436e+006 0 0.355682 
-219062 -1.44609e+006 0 0.356304 
-168486 -1.39469e+006 0 0.352913 
-117887 -1.42128e+006 0 0.276211 
-50390.1 -1.44098e+006 0 0.28082 
1649.24 -1.45457e+006 0 0.285966 
-67389.4 -1.53858e+006 0 0.282525 
-137789 -1.5035e+006 0 0.278098 
-95500.8 -1.46799e+006 0 0.279074 
-13034.2 -1.50871e+006 0 0.283186 
68291.9 -1.49962e+006 0 0.294597 
91071.1 -1.45282e+006 0 0.29704 
51232.6 -1.44828e+006 0 0.289187 
31566.2 -1.55969e+006 0 0.289213 
44097.7 -1.53723e+006 0 0.29102 
144526 -1.53214e+006 0 0.351007 
-15499.2 -1.60874e+006 0 0.283544 
-2020.89 -1.64124e+006 0 0.284314 
76525.9 -1.59825e+006 0 0.295708 
195495 -1.62192e+006 0 0.348529 
129279 -1.63325e+006 0 0.304154 
280091 -1.65527e+006 0 0.383536 
365572 -1.7296e+006 0 0.362383 
391010 -1.71818e+006 0 0.379201 
413363 -1.76977e+006 0 0.360771 
297589 -1.74134e+006 0 0.360032 
327532 -1.72888e+006 0 0.364322 
98035 -1.66515e+006 0 0.295634 
232595 -1.71873e+006 0 0.359448 
203023 -1.67583e+006 0 0.36194 
273096 -1.78662e+006 0 0.350385 
153664 -1.72485e+006 0 0.35023 
106251 -1.70985e+006 0 0.293238 
220033 -1.78309e+006 0 0.349129 
171865 -1.72079e+006 0 0.352384 
369078 -1.78443e+006 0 0.367598 
320635 -1.79765e+006 0 0.348011 
328758 -1.83639e+006 0 0.366378 
316171 -1.85429e+006 0 0.341032 
292510 -1.85648e+006 0 0.341702 
247524 -1.8337e+006 0 0.344362 
239716 -1.86371e+006 0 0.341855 
-2174.93 -1.69144e+006 0 0.283094 
-28655.9 -1.69845e+006 0 0.281079 
31216.6 -1.822e+006 0 0.28056 
-12907.6 -1.78477e+006 0 0.279763 
103131 -1.88122e+006 0 0.339439 
43658.9 -1.74239e+006 0 0.284764 
78692.1 -1.73278e+006 0 0.288391 
111070 -1.82451e+006 0 0.341703 
116310 -1.78653e+006 0 0.343682 
155339 -1.78583e+006 0 0.345638 
197066 -1.86134e+006 0 0.341782 
257320 -1.89365e+006 0 0.339751 
254386 -1.91372e+006 0 0.33874 
264102 -1.93815e+006 0 0.337537 
177286 -1.91654e+006 0 0.338997 
206541 -1.9579e+006 0 0.337585 
149317 -1.96456e+006 0 0.33754 
191092 -2.00971e+006 0 0.336526 
221172 -2.07352e+006 0 0.335499 
-613672 -782516 0 0.277361 
-520091 -832368 0 0.123276 
-513201 -773080 0 0.133865 
-556933 -754973 0 0.0985287 
-556206 -860205 0 0.0661198 
-514366 -933398 0 0.0311752 
-582424 -924100 0 -0.0165539 
-561301 -1.03222e+006 0 0.0497632 
-611616 -1.00678e+006 0 0.0487548 
-618331 -1.13617e+006 0 0.0792281 
-644641 -1.06412e+006 0 0.0712383 
-676260 -1.00446e+006 0 0.186774 
-741039 -1.10617e+006 0 0.149059 
-704470 -1.06676e+006 0 0.219115 
-738688 -1.18862e+006 0 0.156498 
-687831 -1.14884e+006 0 0.0824858 
-607051 -1.21726e+006 0 0.0889944 
-681285 -1.23854e+006 0 0.0885861 
-708054 -1.28511e+006 0 0.0902738 
-663270 -1.37741e+006 0 0.117306 
-643753 -1.32452e+006 0 0.0959581 
-801906 -1.43709e+006 0 0.147555 
-731631 -1.37172e+006 0 0.145992 
-569414 -1.47196e+006 0 0.186522 
-468393 -1.60282e+006 0 0.270703 
-394308 -1.64682e+006 0 0.205559 
-389697 -1.71714e+006 0 0.206152 
-358767 -1.68989e+006 0 0.206437 
-313052 -1.74085e+006 0 0.242079 
-308915 -1.66753e+006 0 0.241776 
-330565 -1.69495e+006 0 0.206922 
-204656 -1.67702e+006 0 0.27807 
-268165 -1.65873e+006 0 0.242493 
-213225 -1.64813e+006 0 0.277751 
-233798 -1.61611e+006 0 0.27707 
-142322 -1.68817e+006 0 0.279669 
-91302 -1.60387e+006 0 0.281715 
-98299.8 -1.68399e+006 0 0.277629 
-66760 -1.66778e+006 0 0.279291 
-551884 -1.11714e+006 0 0.0750064 
-512677 -1.14308e+006 0 0.0817766 
-577651 -1.30728e+006 0 0.115858 
-485404 -1.47699e+006 0 0.18871 
-464427 -1.07092e+006 0 0.073502 
-484291 -1.10602e+006 0 0.0774524 
-417230 -1.18575e+006 0 0.112319 
-360991 -1.14351e+006 0 0.207373 
-472652 -1.23115e+006 0 0.113272 
-494965 -1.19632e+006 0 0.0902319 
-399688 -1.29969e+006 0 0.217108 
-485212 -1.2721e+006 0 0.116438 
-474118 -1.30504e+006 0 0.147191 
-502275 -1.33224e+006 0 0.148141 
-408372 -1.38194e+006 0 0.186483 
-322775 -1.49941e+006 0 0.272691 
-428277 -1.4495e+006 0 0.265673 
-360339 -1.54828e+006 0 0.204907 
-396701 -1.51678e+006 0 0.269371 
-350762 -1.56838e+006 0 0.205447 
-329912 -1.58727e+006 0 0.206172 
-286465 -1.44223e+006 0 0.271413 
-174242 -1.59081e+006 0 0.278273 
-255969 -1.58424e+006 0 0.24217 
-208147 -1.59917e+006 0 0.277449 
-140781 -1.58948e+006 0 0.279397 
-59100 -1.74036e+006 0 0.278662 
14960 -1.88246e+006 0 0.277979 
86644.9 -1.98357e+006 0 0.337021 
124541 -2.04772e+006 0 0.336236 
170036 -2.08952e+006 0 0.335716 
-587693 -545254 0 -0.0408541 
-527197 -573140 0 -0.250992 
-568161 -579701 0 -0.0797437 
-602019 -612091 0 0.131796 
-703100 -592441 0 0.429128 
-716753 -572477 0 0.432496 
-585007 -660191 0 0.19836 
-637530 -707957 0 0.473603 
-582021 -713136 0 0.229066 
-648479 -644193 0 0.394827 
-719768 -656012 0 0.591885 
-687334 -710528 0 0.781255 
-799022 -611900 0 0.555768 
-757757 -750600 0 0.554563 
-729065 -726776 0 0.64334 
-779302 -664688 0 0.584127 
-831796 -692647 0 0.509137 
-835854 -207144 0 0.30117 
-789017 -193073 0 0.236956 
-814349 -293721 0 0.476972 
-769486 -262200 0 0.355555 
-741028 -346185 0 0.426226 
-798328 -401198 0 0.595563 
-851556 -340032 0 0.720566 
-886084 -338073 0 0.828251 
-726835 -406313 0 0.408454 
-663525 -306594 0 0.315872 
-605214 -478592 0 0.134947 
-689804 -470655 0 0.313934 
-655967 -415963 0 0.268011 
-648466 -372445 0 0.33929 
-664665 -519962 0 0.262519 
-708721 -534983 0 0.388084 
-769255 -519870 0 0.51557 
-778057 -469412 0 0.517826 
-808720 -441652 0 0.610202 
-872886 -453359 0 0.778979 
-923297 -477907 0 0.779727 
-862719 -536425 0 0.603567 
-826332 -558138 0 0.5804 
-920067 -545829 0 0.610509 
-872068 -640878 0 0.548824 
-934311 -603940 0 0.503321 
-918430 -748947 0 0.374899 
-965462 -635831 0 0.440243 
-989007 -679402 0 0.388229 
-914014 -694261 0 0.42028 
-1.00163e+006 -743201 0 0.33317 
-1.00693e+006 -821827 0 0.270659 
-1.0637e+006 -788192 0 0.249618 
-656734 -860501 0 0.238415 
-644572 -821528 0 0.290229 
-664268 -925424 0 0.171884 
-694454 -814803 0 0.397175 
-764644 -864927 0 0.34551 
-749490 -951296 0 0.249754 
-759661 -829970 0 0.401512 
-836616 -809450 0 0.383716 
-778936 -804526 0 0.425169 
-806716 -770966 0 0.454819 
-864696 -904548 0 0.272944 
-913831 -818243 0 0.329794 
-1.06623e+006 -874974 0 0.17595 
-1.17358e+006 -897454 0 0.179638 
-1.11603e+006 -825502 0 0.223421 
-1.12334e+006 -944675 0 0.116586 
-1.27311e+006 -884016 0 0.309152 
-1.24069e+006 -846571 0 0.302092 
-1.25715e+006 -952654 0 0.260607 
-1.16961e+006 -763951 0 0.294137 
-1.18293e+006 -824630 0 0.238777 
-1.24888e+006 -783650 0 0.328844 
-1.32087e+006 -631153 0 0.363362 
-1.32043e+006 -797763 0 0.260428 
-1.27078e+006 -712105 0 0.290863 
-1.3043e+006 -927808 0 0.232287 
-1.37131e+006 -842958 0 0.174757 
-859164 -1.16285e+006 0 0.207006 
-893323 -1.11043e+006 0 0.176759 
-804411 -1.13955e+006 0 0.201488 
-806280 -1.07576e+006 0 0.200521 
-931294 -1.12517e+006 0 0.138779 
-804533 -1.00816e+006 0 0.215623 
-878920 -1.05272e+006 0 0.175529 
-990246 -1.06047e+006 0 0.0639495 
-885090 -1.02541e+006 0 0.182588 
-983248 -1.09856e+006 0 0.0557952 
-899373 -1.00537e+006 0 0.18456 
-949376 -948895 0 0.21661 
-928087 -952260 0 0.205355 
-939031 -994090 0 0.184528 
-1.0376e+006 -1.03323e+006 0 0.019962 
-1.04241e+006 -957461 0 0.119076 
-967179 -944890 0 0.208924 
-983968 -901648 0 0.243476 
-1.33138e+006 -1.00041e+006 0 0.238318 
-1.36421e+006 -969923 0 0.197647 
-1.29315e+006 -1.00945e+006 0 0.267008 
-1.35718e+006 -1.15366e+006 0 0.209212 
-1.28435e+006 -1.14267e+006 0 0.195265 
-1.321e+006 -1.15886e+006 0 0.156848 
-1.37426e+006 -1.2374e+006 0 0.189107 
-1.36333e+006 -1.27425e+006 0 0.184458 
-1.23403e+006 -1.01893e+006 0 0.152991 
-1.21567e+006 -1.0482e+006 0 0.121578 
-1.19619e+006 -1.08334e+006 0 0.0735095 
-1.26756e+006 -1.08463e+006 0 0.176186 
-768799 -1.25822e+006 0 0.13555 
-830833 -1.3089e+006 0 0.195781 
-823922 -1.38471e+006 0 0.13959 
-832608 -1.2273e+006 0 0.176388 
-923162 -1.27107e+006 0 0.127168 
-883022 -1.37016e+006 0 0.16803 
-971211 -1.22649e+006 0 0.134564 
-1.06119e+006 -1.25309e+006 0 0.0450904 
-931014 -1.36778e+006 0 0.160102 
-975530 -1.41609e+006 0 0.114312 
-989396 -1.31647e+006 0 0.0978866 
-1.04027e+006 -1.39732e+006 0 0.124702 
-1.01415e+006 -1.37455e+006 0 0.118334 
-1.10671e+006 -1.2839e+006 0 0.129512 
-1.08035e+006 -1.37589e+006 0 0.117516 
-1.10503e+006 -1.3378e+006 0 0.103061 
-1.13989e+006 -1.31273e+006 0 0.186114 
-902552 -1.20688e+006 0 0.191653 
-914949 -1.17857e+006 0 0.169951 
-999704 -1.18021e+006 0 0.0508798 
-948824 -1.15733e+006 0 0.111811 
-1.03781e+006 -1.14845e+006 0 -0.0395379 
-1.09622e+006 -1.19279e+006 0 0.0136215 
-1.16413e+006 -999562 0 0.0801638 
-1.10022e+006 -1.04501e+006 0 -0.0607429 
-1.07271e+006 -1.13028e+006 0 -0.12913 
-1.18026e+006 -1.24195e+006 0 0.147817 
-1.13377e+006 -1.13445e+006 0 -0.0142443 
-1.17967e+006 -1.13934e+006 0 0.05972 
-1.22715e+006 -1.16301e+006 0 0.101173 
-1.29208e+006 -1.24024e+006 0 0.172541 
-1.22181e+006 -1.28548e+006 0 0.149477 
-1.24616e+006 -1.30896e+006 0 0.167681 
-1.15366e+006 -1.36641e+006 0 0.22159 
-1.21658e+006 -1.35924e+006 0 0.174764 
-1.28381e+006 -1.32215e+006 0 0.187039 
-1.08677e+006 -1.43218e+006 0 0.134671 
-922558 -1.4349e+006 0 0.131861 
-884004 -1.45616e+006 0 0.112033 
-849994 -1.46474e+006 0 0.11984 
-918212 -335508 0 0.90598 
-902750 -244961 0 0.458125 
-938957 -239151 0 0.445166 
-976761 -241696 0 0.415086 
-969987 -299419 0 0.684688 
-1.01232e+006 -265061 0 0.499172 
-946457 -386890 0 1.33671 
-987420 -359012 0 0.879538 
-1.01201e+006 -473747 0 0.628309 
-976803 -487421 0 0.68648 
-958970 -437742 0 0.907888 
-1.00432e+006 -409026 0 0.681565 
-1.20929e+006 -569720 0 0.385212 
-1.1963e+006 -629880 0 0.355971 
-1.16192e+006 -538881 0 0.378807 
-1.04972e+006 -436826 0 0.558852 
-1.07891e+006 -418747 0 0.530924 
-1.14696e+006 -441417 0 0.384807 
-1.19721e+006 -302238 0 0.362967 
-1.1239e+006 -322896 0 0.517808 
-1.05049e+006 -264364 0 0.475536 
-1.0464e+006 -345532 0 0.619159 
-1.09609e+006 -715905 0 0.231396 
-1.05366e+006 -695587 0 0.321662 
-1.03884e+006 -613812 0 0.379715 
-992702 -552391 0 0.510398 
-1.07287e+006 -540007 0 0.429364 
-1.17399e+006 -700297 0 0.363423 
-1.12008e+006 -646844 0 0.287389 
-1.10101e+006 -592787 0 0.285578 
-1.15209e+006 -598196 0 0.365179 
-1.26421e+006 -290486 0 0.271531 
-1.30949e+006 -286164 0 0.31635 
-1.32758e+006 -384527 0 0.415004 
-1.37463e+006 -400360 0 0.40218 
-1.41528e+006 -339523 0 0.361348 
-1.38632e+006 -293247 0 0.346783 
-1.46839e+006 -431493 0 0.212722 
-1.50165e+006 -296477 0 0.193909 
-1.43459e+006 -243909 0 0.225373 
-1.49059e+006 -217599 0 0.080583 
-1.56691e+006 -246715 0 0.114908 
-1.63837e+006 -268356 0 0.149338 
-1.63915e+006 -206721 0 0.127552 
-1.56152e+006 -168189 0 0.188487 
-1.72088e+006 -454671 0 0.481033 
-1.69768e+006 -413600 0 0.394944 
-1.65086e+006 -362399 0 0.369271 
-1.60519e+006 -351425 0 0.254938 
-1.70042e+006 -484864 0 0.533567 
-1.65751e+006 -442272 0 0.398574 
-1.58358e+006 -419519 0 0.330018 
-1.65662e+006 -545285 0 0.168855 
-1.67814e+006 -513146 0 0.328787 
-1.62941e+006 -485193 0 0.376375 
-1.61282e+006 -537999 0 0.226264 
-1.51428e+006 -402457 0 0.27277 
-1.54986e+006 -498844 0 0.321079 
-1.52163e+006 -572388 0 0.251809 
-1.45151e+006 -481958 0 0.370482 
-1.40405e+006 -484071 0 0.455744 
-1.35852e+006 -497606 0 0.440926 
-1.28287e+006 -417528 0 0.335916 
-1.24371e+006 -474024 0 0.319632 
-1.2896e+006 -651832 0 0.301544 
-1.5797e+006 -601321 0 0.133681 
-1.48519e+006 -624150 0 0.250628 
-1.38704e+006 -588493 0 0.424613 
-1.48343e+006 -692401 0 0.248505 
-1.38407e+006 -724675 0 0.183068 
-1.39911e+006 -888616 0 0.185649 
-1.12961e+006 507032 0 0.220876 
-1.12141e+006 458688 0 0.29202 
-1.15e+006 539780 0 0.198407 
-1.1999e+006 542222 0 0.236973 
-1.17712e+006 553011 0 0.205712 
-987083 234196 0 0.745248 
-1.03412e+006 236812 0 0.517796 
-993332 306601 0 0.332902 
-1.11331e+006 336889 0 0.184903 
-1.0863e+006 227429 0 0.361893 
-1.04598e+006 513777 0 -0.043843 
-999018 455006 0 0.0602842 
-1.05752e+006 433547 0 0.101697 
-1.00463e+006 394286 0 0.043718 
-1.07361e+006 482888 0 0.0912752 
-1.03223e+006 387040 0 0.0701068 
-1.07604e+006 375882 0 0.0571629 
-1.14807e+006 424509 0 0.485033 
-1.22587e+006 484164 0 0.388801 
-1.23985e+006 530971 0 0.239393 
-1.26828e+006 536905 0 0.226153 
-1.20321e+006 430461 0 0.692977 
-1.20036e+006 398146 0 0.949026 
-1.24646e+006 414176 0 0.579305 
-1.2101e+006 367205 0 0.708094 
-1.26186e+006 442595 0 0.413032 
-1.28643e+006 403488 0 0.364343 
-1.32707e+006 464920 0 0.0641944 
-1.28516e+006 471239 0 0.260458 
-1.33856e+006 526012 0 0.0692967 
-1.35159e+006 588929 0 0.0790913 
-1.30684e+006 524287 0 0.147791 
-1.37742e+006 548196 0 0.0112234 
-1.43348e+006 516810 0 -0.0711452 
-1.42451e+006 570202 0 0.0365994 
-1.43593e+006 608325 0 0.0874598 
-1.48036e+006 582727 0 0.064094 
-1.51266e+006 552129 0 0.0815902 
-1.50967e+006 465818 0 -0.0815029 
-1.54289e+006 504799 0 0.0614689 
-1.46941e+006 473885 0 -0.106997 
-1.38321e+006 442193 0 -0.281389 
-1.43055e+006 471680 0 -0.160684 
-1.44357e+006 408842 0 -0.141234 
-1.45301e+006 358849 0 -0.0539958 
-1.55766e+006 437256 0 -0.125152 
-1.5952e+006 411837 0 0.0605197 
-1.54465e+006 346878 0 0.00355043 
-837925 -59738 0 -0.243755 
-826143 -110492 0 -0.00683782 
-863761 -143734 0 0.109502 
-912347 -117092 0 0.0817612 
-900132 -183774 0 0.257771 
-968888 -72651.4 0 0.104407 
-903812 -6847.09 0 -0.0690963 
-934915 -30240.4 0 0.00228252 
-905286 -73118.5 0 -0.0262126 
-942006 -127400 0 0.146652 
-1.02442e+006 -127167 0 0.296753 
-951701 -158743 0 0.223177 
-990586 -182544 0 0.294024 
-1.09485e+006 -141250 0 0.376459 
-1.10234e+006 -221477 0 0.36569 
-1.15657e+006 -225383 0 0.426621 
-1.18877e+006 -155324 0 0.444565 
-1.22232e+006 -227213 0 0.345139 
-964391 -8414.28 0 0.0594309 
-1.00191e+006 -17818.5 0 0.188217 
-1.03231e+006 -11437.4 0 0.232318 
-1.05886e+006 -19251.6 0 0.273328 
-1.0912e+006 -40406.4 0 0.339072 
-1.16696e+006 -73236.4 0 0.408605 
-1.19713e+006 -74148.7 0 0.286891 
-1.14184e+006 -94963 0 0.395743 
-1.25834e+006 -110271 0 0.361954 
-1.28549e+006 -182847 0 0.260681 
-1.34129e+006 -63943.7 0 0.256752 
-1.34056e+006 -178757 0 0.263225 
-1.35863e+006 -232126 0 0.278154 
-1.40372e+006 -201530 0 0.270369 
-1.40781e+006 -135231 0 0.295141 
-1.38326e+006 -84222.8 0 0.231697 
-1.44797e+006 -108199 0 0.117784 
-1.42055e+006 -32282.1 0 0.0567428 
-1.22883e+006 -10244.5 0 0.28842 
-1.2701e+006 -12667.2 0 0.289611 
-1.22522e+006 -46389.3 0 0.288162 
-1.31746e+006 -22680.3 0 0.12173 
-1.35181e+006 33160.1 0 0.123558 
-1.46731e+006 27774 0 -0.0521625 
-1.40706e+006 19378.8 0 0.0989487 
-1.41537e+006 50762.6 0 0.131872 
-1.39946e+006 69842.8 0 0.2213 
-1.23136e+006 25273 0 0.244228 
-1.25772e+006 45249.8 0 0.190446 
-1.30692e+006 28364.8 0 0.174227 
-1.26159e+006 91335.3 0 0.203243 
-1.30859e+006 87359.9 0 0.208394 
-1.33744e+006 109992 0 0.158073 
-1.40945e+006 103574 0 0.149131 
-1.38975e+006 138656 0 0.162541 
-1.28581e+006 196314 0 0.231299 
-1.31465e+006 182791 0 0.187268 
-1.3111e+006 269929 0 0.287137 
-1.40607e+006 196966 0 0.0902154 
-1.35577e+006 195226 0 0.229227 
-1.33886e+006 240795 0 0.263489 
-1.34385e+006 317077 0 0.195422 
-1.32346e+006 361179 0 0.219079 
-1.32079e+006 387949 0 0.194011 
-1.4216e+006 326304 0 0.0210973 
-1.15363e+006 21355 0 0.345 
-1.09231e+006 28978.7 0 0.304782 
-1.10462e+006 118154 0 0.255026 
-1.06416e+006 64768.9 0 0.266321 
-1.19137e+006 67451.1 0 0.19832 
-1.16296e+006 109357 0 0.222989 
-1.18565e+006 163907 0 0.212332 
-1.2263e+006 114356 0 0.211514 
-1.26206e+006 206683 0 0.256449 
-1.27582e+006 146019 0 0.21154 
-1.13752e+006 200322 0 0.282302 
-1.16128e+006 231185 0 0.289891 
-1.14485e+006 263861 0 0.310138 
-1.21423e+006 241964 0 0.289055 
-1.21822e+006 214844 0 0.252718 
-1.25016e+006 289748 0 0.365323 
-1.16187e+006 300405 0 0.358491 
-1.2088e+006 323268 0 0.496486 
-1.51932e+006 289389 0 0.0734934 
-1.40097e+006 284598 0 0.097874 
-1.46112e+006 238305 0 0.119567 
-1.53093e+006 232519 0 0.0524606 
-1.65308e+006 299460 0 0.2748 
-1.61678e+006 330123 0 0.175564 
-1.52388e+006 114155 0 -0.0289547 
-1.48754e+006 169203 0 0.154631 
-1.48193e+006 142418 0 0.162139 
-1.57835e+006 206169 0 0.0420933 
-1.70734e+006 134082 0 -0.176557 
-1.7285e+006 67373.3 0 -0.193975 
-1.59493e+006 73561 0 -0.0437996 
-1.61099e+006 108773 0 -0.0416463 
-1.65203e+006 113751 0 -0.0856155 
-1.6555e+006 221607 0 0.178314 
-1.63169e+006 182497 0 0.0764946 
-1.71215e+006 298571 0 0.388193 
-1.69647e+006 349817 0 0.361903 
-1.75463e+006 379641 0 0.405452 
-1.64608e+006 394772 0 0.231513 
-1.71291e+006 397382 0 0.362545 
-1.80601e+006 384620 0 0.325464 
-1.78195e+006 110415 0 -0.375441 
-1.82225e+006 118066 0 0.534434 
-1.82486e+006 198610 0 0.0637303 
-1.76118e+006 151354 0 -0.245494 
-1.74119e+006 210627 0 0.0219212 
-1.76836e+006 195177 0 -0.208581 
-1.80105e+006 243428 0 0.0977858 
-1.81334e+006 283993 0 0.182532 
-1.75902e+006 254216 0 0.215181 
-1.77713e+006 317281 0 0.260902 
-1.71723e+006 250021 0 0.429423 
-1.75853e+006 341600 0 0.474451 
-1.78166e+006 603049 0 0.239368 
-1.77832e+006 550870 0 0.273015 
-1.73836e+006 443454 0 0.351157 
-1.7594e+006 502609 0 0.314984 
-1.7867e+006 506711 0 0.299614 
-1.78955e+006 449702 0 0.320595 
-1.82578e+006 374501 0 0.290242 
-1.79833e+006 359622 0 0.332769 
-1.82922e+006 316693 0 0.221741 
-1.85912e+006 252166 0 0.139753 
-1.87318e+006 206529 0 0.13403 
-1.87073e+006 167420 0 0.153049 
-1.9057e+006 160149 0 0.123409 
-1.81539e+006 66420.2 0 0.0675388 
-1.86589e+006 43109.7 0 0.154985 
-1.8757e+006 120712 0 0.126086 
-1.91674e+006 107739 0 0.110046 
-1.92948e+006 68933.6 0 0.168458 
-1.96303e+006 52474.7 0 0.179397 
-1.82387e+006 -7529.32 0 0.0739444 
-1.8665e+006 -25953.7 0 0.108307 
-1.89131e+006 -45057.1 0 0.136086 
-1.92253e+006 15310.5 0 0.159051 
-1.93222e+006 -20957.4 0 0.151871 
-1.96609e+006 -17247.6 0 0.170438 
-1.57489e+006 658372 0 0.213162 
-1.63291e+006 644997 0 0.274626 
-1.67107e+006 642912 0 0.291506 
-1.60204e+006 650596 0 0.251022 
-1.54585e+006 619021 0 0.184735 
-1.56609e+006 568611 0 0.209618 
-1.6129e+006 610521 0 0.280305 
-1.60623e+006 582214 0 0.289161 
-1.58986e+006 530549 0 0.251169 
-1.61203e+006 509885 0 0.316774 
-1.62488e+006 560727 0 0.342036 
-1.63831e+006 515509 0 0.449909 
-1.63286e+006 481614 0 0.315199 
-1.6422e+006 455085 0 0.272841 
-1.67593e+006 441085 0 0.317231 
-1.70343e+006 450055 0 0.345351 
-1.73517e+006 528724 0 0.323478 
-1.70328e+006 543560 0 0.343789 
-1.65146e+006 590465 0 0.333503 
-1.71718e+006 583242 0 0.291292 
-1.76859e+006 625196 0 0.227362 
-1.51399e+006 -6867.72 0 -0.00833441 
-1.52329e+006 51100.2 0 -0.00999287 
-1.51926e+006 -61713.9 0 0.065261 
-1.56992e+006 12609.3 0 -0.011959 
-1.66e+006 11589.6 0 -0.0709884 
-1.66025e+006 -53973.5 0 0.0758768 
-1.62407e+006 -89102.6 0 0.14938 
-1.57567e+006 -105895 0 0.185128 
-1.50114e+006 -117815 0 0.23015 
-1.96102e+006 -64416.1 0 0.157718 
-1.98636e+006 -175564 0 0.118753 
-1.96474e+006 -339586 0 0.498037 
-1.95384e+006 -305158 0 0.374981 
-1.98799e+006 -239993 0 0.175147 
-2.0031e+006 -268713 0 0.263692 
-2.02861e+006 -227542 0 0.19173 
-2.01128e+006 -351309 0 0.482265 
-2.00527e+006 -419082 0 0.565861 
-1.97555e+006 -415949 0 0.621281 
-1.98453e+006 -467997 0 0.588053 
-1.75385e+006 7173.67 0 -0.0792035 
-1.72357e+006 -45754.4 0 0.0344709 
-1.7912e+006 -33877.9 0 0.0456854 
-1.74826e+006 -109263 0 0.0600892 
-1.80701e+006 -119766 0 0.0112231 
-1.84541e+006 -80036.9 0 0.0781888 
-1.84635e+006 -124479 0 0.0203803 
-1.88639e+006 -122831 0 0.0456234 
-1.94506e+006 -103479 0 0.0980083 
-1.9182e+006 -139573 0 0.0401316 
-1.91923e+006 -182230 0 0.0442733 
-1.94961e+006 -220482 0 0.101178 
-1.67971e+006 -114228 0 0.112479 
-1.72119e+006 -188602 0 0.0591348 
-1.79382e+006 -211571 0 -0.0455717 
-1.82868e+006 -173955 0 -0.0210297 
-1.85941e+006 -182733 0 -0.00776092 
-1.86658e+006 -242368 0 0.0229496 
-1.889e+006 -259906 0 0.0089295 
-1.87743e+006 -305086 0 0.344136 
-1.8909e+006 -388311 0 0.931477 
-1.85826e+006 -366249 0 0.814305 
-1.84856e+006 -400705 0 1.0545 
-1.83737e+006 -407293 0 1.09131 
-1.839e+006 -427703 0 1.24984 
-1.87291e+006 -476618 0 0.612606 
-1.9039e+006 -439453 0 0.809022 
-1.83684e+006 -465442 0 0.749719 
-1.88634e+006 -216542 0 0.00559119 
-1.91656e+006 -256181 0 0.0972763 
-1.92065e+006 -294508 0 0.293431 
-1.92304e+006 -340238 0 0.553984 
-1.94433e+006 -394046 0 0.692733 
-1.93002e+006 -440724 0 0.724329 
-1.83206e+006 -251138 0 0.0818025 
-1.83468e+006 -295607 0 0.303839 
-1.82771e+006 -326638 0 0.504482 
-1.79682e+006 -312854 0 0.399438 
-1.75201e+006 -328483 0 0.415791 
-1.75753e+006 -364625 0 0.532813 
-1.82532e+006 -386026 0 0.901145 
-1.78128e+006 -392378 0 0.697029 
-1.80492e+006 -421972 0 0.883206 
-1.81733e+006 -441438 0 0.906299 
-1.76879e+006 -439346 0 0.586716 
-1.77085e+006 -470830 0 0.414661 
-1.65201e+006 -799670 0 -0.0441407 
-1.63813e+006 -837798 0 0.0900189 
-1.69871e+006 -902731 0 0.308307 
-1.6914e+006 -852501 0 0.230295 
-1.69262e+006 -830717 0 0.207716 
-1.68086e+006 -797720 0 0.142172 
-1.68311e+006 -756221 0 0.252367 
-1.70504e+006 -722694 0 0.1674 
-1.72499e+006 -699254 0 0.256618 
-1.67013e+006 -711169 0 -0.176575 
-1.82799e+006 -760002 0 0.719192 
-1.75787e+006 -801721 0 0.466974 
-1.80959e+006 -661565 0 1.23378 
-1.83054e+006 -585851 0 0.275658 
-1.87958e+006 -547451 0 0.464562 
-1.83068e+006 -540096 0 0.298389 
-1.83658e+006 -514094 0 0.391745 
-1.69446e+006 -658817 0 -0.0274279 
-1.75393e+006 -643538 0 0.289969 
-1.73547e+006 -609481 0 -0.193215 
-1.73821e+006 -576255 0 -0.142381 
-1.74945e+006 -541347 0 0.0785258 
-1.78997e+006 -533974 0 0.173793 
-1.76706e+006 -510629 0 0.21202 
-1.78888e+006 -488614 0 0.266591 
-1.86369e+006 -657899 0 0.874238 
-1.91562e+006 -513736 0 0.538118 
-1.94661e+006 -494462 0 0.590521 
-1.92236e+006 -604133 0 0.62546 
-1.92259e+006 -569123 0 0.571447 
-1.97986e+006 -499300 0 0.568848 
-1.96249e+006 -581140 0 0.532996 
-1.94846e+006 -622501 0 0.653735 
-1.88942e+006 -670459 0 0.812796 
-1.79753e+006 -877947 0 0.496263 
-1.83281e+006 -823639 0 0.600834 
-1.88375e+006 -762874 0 0.729678 
-1.89789e+006 -806120 0 0.657416 
-1.8007e+006 -908137 0 0.488706 
-1.83493e+006 -907666 0 0.521276 
-1.86322e+006 -911386 0 0.537894 
-1.82753e+006 -938720 0 0.50438 
-1.91771e+006 -668968 0 0.740104 
-1.9333e+006 -698332 0 0.723729 
-1.8327e+006 -952943 0 0.504498 
-1.85373e+006 -1.00748e+006 0 0.506011 
-1.77045e+006 -974085 0 0.464289 
-1.71915e+006 -974330 0 0.430171 
-1.7409e+006 -1.00262e+006 0 0.457527 
-1.69532e+006 -1.03471e+006 0 0.384816 
-1.68316e+006 -1.02255e+006 0 0.382934 
-1.65137e+006 -1.04101e+006 0 0.397818 
-1.73335e+006 -1.15285e+006 0 0.320519 
-1.66583e+006 -1.07408e+006 0 0.389861 
-1.57567e+006 -1.09267e+006 0 0.401337 
-1.60458e+006 -1.05662e+006 0 0.475481 
-1.65031e+006 -1.08657e+006 0 0.400744 
-1.62874e+006 -1.1095e+006 0 0.396357 
-1.58191e+006 -1.12166e+006 0 0.377913 
-1.58619e+006 -1.14873e+006 0 0.354713 
-1.58448e+006 -1.189e+006 0 0.323913 
-1.55734e+006 -1.21694e+006 0 0.300981 
-1.65989e+006 -181166 0 0.106029 
-1.70125e+006 -245677 0 0.120917 
-1.7146e+006 -309291 0 0.337268 
-1.65135e+006 -592676 0 0.0198169 
-1.62916e+006 -655419 0 -0.0423749 
-1.60963e+006 -764879 0 -0.000151445 
-1.57941e+006 -722802 0 0.0255019 
-1.46524e+006 -793474 0 0.144378 
-1.50282e+006 -834686 0 0.14279 
-1.55471e+006 -835319 0 0.161396 
-1.59187e+006 -863322 0 0.171289 
-1.64527e+006 -944210 0 0.324334 
-1.55769e+006 -933892 0 0.235124 
-1.51339e+006 -977890 0 0.272965 
-1.44247e+006 -1.05777e+006 0 0.262798 
-1.48407e+006 -1.16674e+006 0 0.287379 
