interp_grid
4
X
Y
Z
interp_log10
2.27522e+006 648245 0 0.0529834 
2.29168e+006 633381 0 0.00469687 
2.3266e+006 691436 0 0.119745 
2.35511e+006 655345 0 0.188786 
2.40499e+006 637423 0 0.213401 
2.31227e+006 550429 0 0.502754 
2.34335e+006 587534 0 0.176355 
2.41096e+006 575766 0 0.259847 
2.35288e+006 497438 0 0.449327 
2.40557e+006 483244 0 0.169121 
2.28894e+006 502796 0 0.60057 
2.26985e+006 453288 0 0.769329 
2.33655e+006 416290 0 0.3099 
2.24255e+006 395494 0 0.00951137 
2.3016e+006 358564 0 0.587513 
2.46251e+006 543191 0 0.316937 
2.46681e+006 465598 0 0.301979 
2.38755e+006 363590 0 0.141664 
2.32486e+006 308035 0 0.164524 
2.28036e+006 291972 0 0.0133004 
2.31372e+006 225415 0 0.280805 
2.22933e+006 264222 0 0.127159 
2.27891e+006 196323 0 0.174174 
2.24005e+006 187955 0 0.136857 
2.2759e+006 127993 0 0.0260768 
2.30249e+006 118367 0 0.225382 
2.21023e+006 351505 0 0.100523 
2.18104e+006 333083 0 0.215335 
2.17958e+006 275289 0 0.206176 
2.20226e+006 211362 0 0.28736 
2.1569e+006 244064 0 0.229675 
2.1709e+006 220179 0 0.227118 
2.17812e+006 163105 0 -0.0214866 
2.21806e+006 117153 0 0.243062 
2.2396e+006 126000 0 0.280522 
2.18325e+006 117652 0 0.260015 
2.24774e+006 89828.6 0 0.206578 
2.24504e+006 14678.5 0 0.0667913 
2.1949e+006 67573.1 0 0.259101 
2.20281e+006 28159.5 0 0.125136 
2.33189e+006 129069 0 0.409402 
2.39539e+006 73125.4 0 0.00878543 
2.30009e+006 80072.1 0 0.334824 
2.33996e+006 63659.7 0 0.107253 
2.32059e+006 13910 0 -0.154466 
2.28507e+006 51620.8 0 0.0847402 
2.26675e+006 35757.5 0 0.0585563 
2.28734e+006 -100.653 0 -0.025065 
2.236e+006 -26280 0 0.0471952 
2.18054e+006 7816.14 0 0.0721672 
2.19292e+006 -65461.1 0 0.0654089 
2.2418e+006 -51819.2 0 0.115015 
2.16133e+006 361009 0 0.349903 
2.1087e+006 198173 0 0.296499 
2.12645e+006 228992 0 0.251613 
2.13194e+006 287758 0 0.23555 
2.06292e+006 268430 0 0.153022 
2.11039e+006 321982 0 0.242927 
2.03971e+006 294100 0 0.103788 
2.11361e+006 349771 0 0.280095 
2.05663e+006 197590 0 0.335159 
2.05505e+006 144715 0 0.303293 
2.12794e+006 129005 0 0.462069 
2.02112e+006 106019 0 0.296635 
2.07402e+006 53172.6 0 0.461068 
2.11883e+006 46999.6 0 0.710214 
2.10484e+006 -51348.8 0 0.0657059 
2.13833e+006 -31746.2 0 0.0750705 
2.16176e+006 -67544.8 0 -0.0549412 
2.17208e+006 -98300.7 0 0.195263 
2.13319e+006 -112234 0 0.455904 
2.14429e+006 -142489 0 0.43562 
2.11941e+006 -168461 0 0.395614 
2.22644e+006 -81231.7 0 0.216873 
2.23687e+006 -94761.6 0 0.308298 
2.0449e+006 -51943.2 0 0.0552899 
2.05309e+006 -6646.13 0 0.173493 
2.03339e+006 -79864.5 0 0.332828 
2.06854e+006 -82082.3 0 -0.039791 
2.07539e+006 -143121 0 1.06437 
2.02961e+006 -155683 0 0.53329 
2.11302e+006 -212200 0 0.925043 
2.10458e+006 -244113 0 0.0511794 
2.03114e+006 -211418 0 0.199146 
2.11649e+006 -335041 0 0.410448 
2.0546e+006 -274943 0 0.356454 
2.11097e+006 -299316 0 0.352671 
2.09876e+006 -350322 0 0.219404 
2.15935e+006 -237467 0 0.750049 
2.1468e+006 -291618 0 1.08712 
2.0066e+006 22660.2 0 0.158511 
1.95824e+006 23133.6 0 0.164948 
1.93327e+006 -31868.1 0 0.153689 
1.85179e+006 -73009.9 0 0.380116 
1.87045e+006 -43401.6 0 0.332784 
1.9577e+006 -82334.3 0 0.164311 
1.97972e+006 -134652 0 0.075981 
1.79917e+006 -217706 0 0.486471 
1.79812e+006 -156246 0 0.606343 
1.84595e+006 -151242 0 0.422466 
1.85381e+006 -193870 0 0.374775 
1.85759e+006 -119807 0 0.383036 
1.9155e+006 -141692 0 0.244524 
1.92501e+006 -202564 0 0.241956 
1.82815e+006 -251658 0 0.333484 
1.82252e+006 -302968 0 0.224756 
1.8773e+006 -251394 0 0.279031 
1.93467e+006 -252427 0 0.138269 
1.98549e+006 -277902 0 0.139129 
2.04735e+006 -413700 0 0.158266 
2.04795e+006 -335405 0 -0.0883857 
1.98846e+006 -335515 0 0.0964101 
2.01617e+006 -402250 0 0.145945 
2.06528e+006 -388779 0 0.0729196 
1.99572e+006 -402916 0 0.185081 
2.07051e+006 -426173 0 0.243603 
2.09544e+006 -400864 0 0.108587 
2.11816e+006 -444097 0 0.654152 
2.13656e+006 -414704 0 0.525057 
1.79033e+006 -457694 0 0.160151 
1.79231e+006 -381416 0 0.143819 
1.83024e+006 -388060 0 0.188569 
1.87483e+006 -346232 0 0.217392 
1.8334e+006 -503663 0 0.164684 
1.83734e+006 -453534 0 0.190552 
1.88506e+006 -404108 0 0.210594 
1.92225e+006 -392345 0 0.238822 
1.93177e+006 -335485 0 0.160396 
1.95171e+006 -420626 0 0.314634 
1.99896e+006 -463796 0 0.290825 
2.09179e+006 -535422 0 0.564454 
2.05646e+006 -553410 0 0.483974 
1.89628e+006 -471472 0 0.228087 
2.00887e+006 -501930 0 0.33658 
1.97594e+006 -512465 0 0.292798 
1.94826e+006 -528679 0 0.245449 
2.04926e+006 -560439 0 0.463648 
2.07796e+006 -588213 0 0.577105 
2.11314e+006 -511415 0 0.599788 
2.11992e+006 -513972 0 0.612752 
1.75984e+006 -586105 0 0.123138 
1.79661e+006 -563424 0 0.123142 
1.85072e+006 -582061 0 0.11154 
1.87278e+006 -528774 0 0.169313 
1.92254e+006 -566720 0 0.165288 
2.01841e+006 -576252 0 0.368091 
1.92948e+006 -601509 0 0.125301 
2.08085e+006 -614371 0 0.629617 
1.78625e+006 -655023 0 0.0935053 
1.88244e+006 -662971 0 0.0159755 
1.78065e+006 -725977 0 0.166511 
1.85718e+006 -713061 0 0.13386 
1.84209e+006 -678890 0 0.0862183 
1.94587e+006 -682139 0 0.165305 
2.04236e+006 -716951 0 0.505454 
1.98437e+006 -631164 0 0.160748 
2.03267e+006 -613702 0 0.446 
2.064e+006 -678884 0 0.819047 
1.97792e+006 -663738 0 0.224881 
2.11775e+006 -677751 0 0.718662 
1.94926e+006 -736671 0 0.231376 
1.97795e+006 -713504 0 0.259577 
2.02998e+006 -757715 0 0.274415 
2.09656e+006 -766495 0 0.476493 
2.14453e+006 -761785 0 0.504365 
2.06944e+006 -846377 0 0.372594 
1.92656e+006 -781647 0 0.322047 
2.03666e+006 -807416 0 0.308833 
1.9939e+006 -781700 0 0.199673 
2.08198e+006 -826416 0 0.397456 
2.05145e+006 -875303 0 0.370904 
1.84687e+006 -773316 0 0.237872 
1.84221e+006 -817990 0 0.289891 
1.89994e+006 -846302 0 0.335178 
1.98106e+006 -922607 0 0.395505 
1.96582e+006 -871346 0 0.338069 
2.01568e+006 -877607 0 0.355949 
1.71886e+006 -779650 0 0.242889 
1.72428e+006 -817658 0 0.258212 
1.7875e+006 -824833 0 0.284332 
1.81623e+006 -874421 0 0.34682 
1.77092e+006 -881059 0 0.323366 
1.85301e+006 -953687 0 0.466645 
1.82599e+006 -978955 0 0.513574 
1.90361e+006 -911601 0 0.403013 
1.89671e+006 -953695 0 0.471715 
1.8512e+006 -1.0301e+006 0 0.599811 
1.95676e+006 -968678 0 0.467953 
1.98552e+006 -978772 0 0.468129 
1.63251e+006 -854714 0 0.205446 
1.68729e+006 -867862 0 0.229107 
1.74137e+006 -931001 0 0.325704 
1.77208e+006 -996089 0 0.524561 
1.65086e+006 -908204 0 0.184257 
1.71594e+006 -982737 0 0.327749 
1.65128e+006 -956392 0 0.129976 
1.65405e+006 -978391 0 0.092476 
1.65363e+006 -1.00492e+006 0 0.0216393 
1.76214e+006 -1.04047e+006 0 0.691361 
1.81487e+006 -1.06436e+006 0 0.678332 
1.88359e+006 -1.07403e+006 0 0.583246 
1.87073e+006 -1.10231e+006 0 0.615421 
1.85305e+006 -1.13581e+006 0 0.620942 
1.74505e+006 -1.06735e+006 0 0.817978 
1.72508e+006 -1.0839e+006 0 0.471744 
1.79567e+006 -1.10733e+006 0 0.695281 
1.80975e+006 -1.08833e+006 0 0.69508 
1.76306e+006 -1.12734e+006 0 0.6195 
1.79864e+006 -1.17733e+006 0 0.599142 
1.5665e+006 -974182 0 0.224487 
1.53352e+006 -989685 0 0.29731 
1.60461e+006 -1.04033e+006 0 0.20064 
1.55318e+006 -1.05262e+006 0 0.318528 
1.60645e+006 -1.10003e+006 0 0.306329 
1.69277e+006 -1.11917e+006 0 0.417724 
1.65854e+006 -1.06332e+006 0 0.257889 
1.67237e+006 -1.14329e+006 0 0.409258 
1.76137e+006 -1.20389e+006 0 0.553625 
1.63755e+006 -1.15782e+006 0 0.38718 
1.72704e+006 -1.21114e+006 0 0.517145 
1.70827e+006 -1.23705e+006 0 0.503397 
1.77185e+006 -1.28146e+006 0 0.542515 
1.5345e+006 -1.11119e+006 0 0.382351 
1.59535e+006 -1.20921e+006 0 0.392226 
1.49705e+006 -1.15719e+006 0 0.391999 
1.57136e+006 -1.2723e+006 0 0.381608 
1.60643e+006 -1.26507e+006 0 0.419803 
1.70809e+006 -1.29405e+006 0 0.507802 
1.65391e+006 -1.22587e+006 0 0.443524 
1.67696e+006 -1.34805e+006 0 0.511367 
1.69138e+006 -1.3157e+006 0 0.524159 
1.76085e+006 -1.35574e+006 0 0.583508 
1.72545e+006 -1.43003e+006 0 0.655216 
1.76078e+006 -1.41809e+006 0 0.641303 
1.85534e+006 -1.62717e+006 0 0.370483 
1.75852e+006 -1.57681e+006 0 0.490407 
1.78369e+006 -1.4937e+006 0 0.600337 
1.83385e+006 -1.52803e+006 0 0.521254 
1.90157e+006 -1.62731e+006 0 0.415887 
1.93396e+006 -1.70622e+006 0 0.447904 
1.85607e+006 -1.70623e+006 0 0.445152 
1.91867e+006 -1.76075e+006 0 0.46055 
1.87514e+006 -1.7884e+006 0 0.464858 
1.92114e+006 -1.79893e+006 0 0.468415 
1.96013e+006 -1.86797e+006 0 0.480086 
2.00909e+006 -1.96926e+006 0 0.489955 
1.88266e+006 -1.90158e+006 0 0.482281 
1.85967e+006 -1.83685e+006 0 0.473409 
1.81594e+006 -1.7626e+006 0 0.458346 
1.78135e+006 -1.79516e+006 0 0.466894 
1.80411e+006 -1.84681e+006 0 0.475879 
1.75888e+006 -1.8024e+006 0 0.438141 
1.76123e+006 -1.76751e+006 0 0.46137 
1.76449e+006 -1.74833e+006 0 0.455946 
1.77902e+006 -1.72389e+006 0 0.447775 
1.75794e+006 -1.69447e+006 0 0.441534 
1.73609e+006 -1.7264e+006 0 0.45209 
1.71987e+006 -1.6656e+006 0 0.437565 
1.76016e+006 -1.6365e+006 0 0.440284 
1.6883e+006 -1.57181e+006 0 0.413961 
1.61017e+006 -1.52282e+006 0 0.00549082 
1.56842e+006 -1.46455e+006 0 0.202895 
1.67076e+006 -1.41821e+006 0 0.499023 
1.57013e+006 -1.32409e+006 0 0.316452 
1.59236e+006 -1.37462e+006 0 0.352845 
1.56527e+006 -1.37337e+006 0 0.230458 
1.6488e+006 -1.51285e+006 0 0.274029 
1.70423e+006 -1.50064e+006 0 0.646971 
1.52957e+006 -1.48443e+006 0 0.318319 
1.53054e+006 -1.41088e+006 0 0.0547445 
1.49307e+006 -1.48419e+006 0 0.422381 
1.47622e+006 -1.04615e+006 0 0.506608 
1.40569e+006 -1.1887e+006 0 0.355853 
1.41607e+006 -1.30117e+006 0 0.164849 
1.42739e+006 -1.40069e+006 0 0.100894 
1.46319e+006 -1.20653e+006 0 0.333951 
1.51611e+006 -1.30003e+006 0 0.28929 
1.482e+006 -1.31013e+006 0 0.171376 
1.49943e+006 -1.3977e+006 0 -0.136749 
1.47058e+006 -1.35826e+006 0 -0.0289 
1.45664e+006 -1.4106e+006 0 0.0407194 
1.45158e+006 -1.51653e+006 0 0.679179 
1.41987e+006 -1.46881e+006 0 0.387036 
1.478e+006 -1.53767e+006 0 0.887418 
1.44931e+006 -1.5803e+006 0 0.738132 
1.40054e+006 -1.52245e+006 0 0.57703 
1.32142e+006 -1.50138e+006 0 0.396156 
1.30129e+006 -1.46068e+006 0 0.324742 
1.26131e+006 -1.47562e+006 0 0.334395 
1.26305e+006 -1.51885e+006 0 0.376191 
1.19887e+006 -1.49761e+006 0 0.343182 
1.21191e+006 -1.53538e+006 0 0.364796 
1.37407e+006 -1.3957e+006 0 0.186637 
1.34411e+006 -1.38942e+006 0 0.206779 
1.37026e+006 -1.4727e+006 0 0.372289 
1.31662e+006 -1.37543e+006 0 0.208055 
1.3018e+006 -1.36637e+006 0 0.20785 
1.268e+006 -1.38778e+006 0 0.233998 
1.24042e+006 -1.43206e+006 0 0.275168 
1.21821e+006 -1.46659e+006 0 0.311758 
1.38913e+006 -1.00338e+006 0 0.398058 
1.41456e+006 -1.0302e+006 0 0.471027 
1.36948e+006 -1.05055e+006 0 0.540617 
1.41944e+006 -1.06938e+006 0 0.519959 
1.33956e+006 -1.0817e+006 0 0.669911 
1.2957e+006 -1.14298e+006 0 0.440672 
1.27777e+006 -1.22963e+006 0 0.189936 
1.36277e+006 -1.14963e+006 0 0.462938 
1.33809e+006 -1.22078e+006 0 0.280329 
1.34257e+006 -1.28535e+006 0 0.184426 
1.26753e+006 -1.30072e+006 0 0.159998 
1.21907e+006 -1.2384e+006 0 0.0572014 
1.21197e+006 -1.34277e+006 0 0.233219 
1.19503e+006 -1.41201e+006 0 0.250524 
1.06927e+006 -1.12621e+006 0 0.271289 
1.03858e+006 -1.12555e+006 0 0.260972 
1.10666e+006 -1.14031e+006 0 0.28231 
1.03706e+006 -1.18621e+006 0 0.275351 
1.10773e+006 -1.1789e+006 0 0.267832 
1.10947e+006 -1.24219e+006 0 0.273532 
1.137e+006 -1.19524e+006 0 0.247338 
1.06243e+006 -1.25235e+006 0 0.30335 
1.22982e+006 -1.10768e+006 0 0.441201 
1.18144e+006 -1.11533e+006 0 0.362126 
1.239e+006 -1.14189e+006 0 0.370887 
1.17785e+006 -1.19815e+006 0 0.209356 
1.16345e+006 -1.26515e+006 0 0.216035 
1.13274e+006 -1.34854e+006 0 0.437504 
1.08936e+006 -1.30465e+006 0 0.352561 
1.1455e+006 -1.41551e+006 0 0.32019 
1.15494e+006 -1.48512e+006 0 0.355972 
1.16603e+006 -1.5337e+006 0 0.355821 
1.04826e+006 -1.32817e+006 0 0.347228 
1.07541e+006 -1.37839e+006 0 0.370191 
1.09058e+006 -1.4497e+006 0 0.341092 
1.00205e+006 -1.40479e+006 0 0.342409 
1.04872e+006 -1.42708e+006 0 0.349101 
1.09835e+006 -1.53902e+006 0 0.333374 
1.04081e+006 -1.48968e+006 0 0.328282 
1.11814e+006 -1.48884e+006 0 0.343044 
1.0486e+006 -1.54045e+006 0 0.312636 
1.00771e+006 -1.28903e+006 0 0.311377 
954091 -1.36404e+006 0 0.333289 
947969 -1.43284e+006 0 0.328146 
987313 -1.51168e+006 0 0.303335 
937985 -1.48581e+006 0 0.304287 
702735 352434 0 0.305159 
630349 269811 0 0.0942372 
566470 268847 0 -0.0320295 
603074 268528 0 0.0775156 
643425 213273 0 0.0131039 
715287 197355 0 -0.170093 
782144 221657 0 -0.20612 
825874 218971 0 -0.0817911 
865052 298360 0 0.0515944 
867599 249657 0 -0.0516521 
917414 260194 0 0.259075 
991054 234370 0 -0.124903 
1.12022e+006 257186 0 -0.217815 
1.16945e+006 267543 0 -0.236671 
1.0097e+006 316887 0 -0.0652716 
965913 -38159.8 0 -0.33807 
989319 55019.9 0 -0.12564 
934175 28698.8 0 -0.0119991 
914407 76606.7 0 0.11697 
915487 107514 0 0.245577 
876378 191842 0 0.12839 
908818 220318 0 0.225447 
925855 146230 0 0.508236 
968151 162313 0 0.109185 
955380 213241 0 -0.184183 
999529 200305 0 -0.121011 
1.03103e+006 188649 0 -0.150439 
867081 -70145.8 0 -0.537233 
877092 27465.9 0 0.24947 
923505 -54923.7 0 -0.165272 
939502 -4642.72 0 -0.149599 
1.07931e+006 -287556 0 0.212503 
986100 -180059 0 0.678195 
961284 -107385 0 0.319121 
1.19021e+006 -245406 0 0.158223 
1.1349e+006 -172373 0 -0.305389 
1.20094e+006 -179728 0 -0.404373 
1.27103e+006 -149122 0 -0.35073 
1.24442e+006 -95969 0 -0.375364 
1.17341e+006 -106360 0 -0.239769 
1.20897e+006 -147693 0 0.18889 
1.11477e+006 -44480.6 0 -0.276783 
1.1756e+006 -14615.9 0 -0.400965 
1.14656e+006 36319.3 0 -0.42593 
1.10961e+006 64271.1 0 -0.491859 
1.16046e+006 113098 0 -0.352698 
1.05905e+006 230587 0 -0.185683 
1.09755e+006 215007 0 -0.232507 
1.05697e+006 -26085.1 0 -0.26017 
1.20283e+006 252390 0 -0.262385 
1.17848e+006 237117 0 -0.258613 
1.28465e+006 158509 0 -0.379873 
1.19487e+006 152706 0 -0.345419 
1.22607e+006 151765 0 -0.352994 
1.26714e+006 123581 0 -0.406646 
1.24577e+006 82217.7 0 -0.385194 
1.27969e+006 45826.9 0 -0.453564 
1.27466e+006 -5431.55 0 -0.546223 
1.33501e+006 -4460.04 0 -0.456312 
1.38414e+006 -1530.82 0 -0.380488 
1.23998e+006 -4223.45 0 -0.530518 
1.21705e+006 -45004.5 0 -0.524185 
1.26623e+006 -59178.5 0 -0.676481 
1.32913e+006 -79040.3 0 -0.409941 
1.34774e+006 -33774.8 0 -0.428063 
1.29775e+006 -40916.3 0 -0.560575 
1.32431e+006 113963 0 -0.399018 
1.39098e+006 -62064.5 0 -0.320325 
1.39271e+006 -137372 0 -0.149522 
1.3743e+006 -110919 0 -0.218762 
1.36635e+006 -152914 0 -0.219826 
1.33007e+006 -156338 0 -0.312612 
1.35435e+006 -209451 0 -0.218869 
1.32065e+006 -206499 0 -0.433556 
1.25729e+006 -270592 0 0.304042 
1.2837e+006 -357474 0 0.529895 
1.26821e+006 -306207 0 0.640865 
1.29328e+006 -254155 0 0.0584618 
1.31057e+006 -331818 0 0.431266 
1.35971e+006 -317004 0 0.301767 
1.33331e+006 -269726 0 0.0605244 
1.37544e+006 -262866 0 0.0925105 
1.41216e+006 -291460 0 0.243304 
1.45427e+006 -271038 0 0.304452 
1.49544e+006 -251846 0 0.437976 
1.54413e+006 -237966 0 0.666265 
1.54137e+006 -205234 0 0.407106 
1.57623e+006 -195170 0 0.209013 
1.64235e+006 -118759 0 0.390539 
1.73424e+006 -53809.6 0 0.524892 
1.7265e+006 -26226.6 0 0.46872 
1.72936e+006 4786.24 0 0.422328 
1.53741e+006 -159495 0 0.242178 
1.74162e+006 37584.6 0 0.331182 
1.79384e+006 -48850.1 0 0.451842 
1.79086e+006 12065.6 0 0.399788 
1.84067e+006 62287.5 0 0.156912 
1.90904e+006 133435 0 0.204284 
1.87608e+006 22339.2 0 0.187325 
1.93663e+006 90343.1 0 0.200701 
1.8878e+006 87749.6 0 0.188955 
1.96764e+006 163600 0 0.190268 
1.88906e+006 177983 0 0.189011 
1.79847e+006 89410.7 0 0.334381 
1.91086e+006 243559 0 0.0198023 
1.94739e+006 218584 0 0.200475 
1.92439e+006 193724 0 0.192446 
1.95682e+006 245682 0 -0.28294 
2.01438e+006 203884 0 -0.0725305 
1.98571e+006 275336 0 -0.107981 
2.00644e+006 306262 0 0.0452309 
1.75179e+006 -106918 0 0.636659 
1.70115e+006 -96696.9 0 0.528922 
1.69333e+006 -172302 0 0.601868 
1.64992e+006 -156236 0 0.417174 
1.73784e+006 -180220 0 0.907165 
1.73416e+006 -230385 0 0.430505 
1.76935e+006 -289298 0 0.193985 
1.73265e+006 -295129 0 0.0934142 
1.69282e+006 -273887 0 -0.0699118 
1.719e+006 -460076 0 0.171401 
1.68422e+006 -444613 0 0.19583 
1.69698e+006 -399475 0 0.177707 
1.7446e+006 -431016 0 0.156449 
1.69259e+006 -349299 0 0.192912 
1.74773e+006 -351308 0 0.0646325 
1.63714e+006 -300784 0 0.19041 
1.62518e+006 -212352 0 0.29826 
1.59244e+006 -245639 0 0.378398 
1.64341e+006 -266999 0 0.181526 
1.66728e+006 -248482 0 0.165772 
1.63503e+006 -364446 0 0.231912 
1.62088e+006 -420783 0 0.261672 
1.56297e+006 -491057 0 0.286059 
1.63376e+006 -482888 0 0.229678 
1.5153e+006 -443423 0 0.329572 
1.56118e+006 -312309 0 0.392738 
1.47889e+006 -312640 0 0.373278 
1.5188e+006 -325318 0 0.407061 
1.53869e+006 -406894 0 0.315902 
1.56674e+006 -378164 0 0.305459 
1.48656e+006 -385684 0 0.336894 
1.68967e+006 -725206 0 0.186509 
1.67955e+006 -660029 0 0.15006 
1.72389e+006 -569677 0 0.1596 
1.66015e+006 -605002 0 0.174353 
1.68204e+006 -559316 0 0.201005 
1.6235e+006 -582650 0 0.205211 
1.66087e+006 -529506 0 0.200907 
1.58012e+006 -539920 0 0.238359 
1.60279e+006 -600670 0 0.235612 
1.42627e+006 -382695 0 0.340046 
1.4529e+006 -524700 0 0.328231 
1.42011e+006 -476280 0 0.340211 
1.61114e+006 -638602 0 0.135947 
1.56005e+006 -587939 0 0.234266 
1.57898e+006 -655648 0 0.177491 
1.5643e+006 -699514 0 0.181775 
1.51908e+006 -660619 0 0.223407 
1.50687e+006 -608761 0 0.269325 
1.34466e+006 -407852 0 0.322312 
1.32297e+006 -476191 0 0.311267 
1.27981e+006 -479158 0 -0.0906131 
1.5211e+006 -518000 0 0.292687 
1.53939e+006 -600623 0 0.206979 
1.48507e+006 -553963 0 0.271001 
1.48552e+006 -596265 0 0.269487 
1.41163e+006 -550419 0 0.304662 
1.37332e+006 -488939 0 0.26253 
1.30282e+006 -544864 0 0.205274 
1.41838e+006 -609764 0 0.343986 
1.37382e+006 -616010 0 0.32457 
1.48763e+006 -699792 0 0.236861 
1.46996e+006 -722453 0 0.247372 
1.44478e+006 -726261 0 0.307452 
1.42069e+006 -674594 0 0.275127 
1.34267e+006 -646357 0 0.33294 
1.26977e+006 -748582 0 0.235341 
1.23114e+006 -808239 0 0.247712 
1.16174e+006 -780972 0 0.277012 
1.18836e+006 -731227 0 0.325315 
1.12354e+006 -730235 0 0.343347 
1.12382e+006 -780028 0 0.282346 
1.2328e+006 -367202 0 0.613654 
1.23945e+006 -382038 0 0.566098 
1.23793e+006 -400712 0 0.50544 
1.19272e+006 -339143 0 0.483203 
1.14402e+006 -391695 0 0.171688 
1.13685e+006 -349014 0 0.305625 
1.15679e+006 -416499 0 0.0669068 
1.0872e+006 -457705 0 0.335064 
1.02944e+006 -450853 0 0.296347 
1.12626e+006 -457273 0 -0.0571432 
1.07358e+006 -550506 0 0.575655 
1.02986e+006 -556763 0 0.233844 
1.06165e+006 -668041 0 0.259877 
1.00982e+006 -624253 0 -0.117617 
996032 -667339 0 -0.00535562 
1.19504e+006 -462554 0 0.831554 
1.12464e+006 -585794 0 0.633897 
1.12618e+006 -518862 0 0.145312 
1.21616e+006 -488561 0 0.192315 
1.23667e+006 -498834 0 0.116395 
1.22822e+006 -543332 0 0.173403 
1.24049e+006 -574389 0 0.362421 
1.16694e+006 -593248 0 0.201603 
1.13466e+006 -648419 0 0.59922 
1.4374e+006 -775401 0 0.246578 
1.39981e+006 -726369 0 0.267879 
1.33776e+006 -774325 0 0.253509 
1.37676e+006 -821860 0 0.225901 
1.32884e+006 -832307 0 0.237487 
1.29115e+006 -850709 0 0.221545 
1.28847e+006 -936459 0 0.197562 
1.30153e+006 -897300 0 0.191452 
1.23239e+006 -863412 0 0.224341 
1.18214e+006 -883131 0 0.226755 
1.23095e+006 -910827 0 0.225097 
1.17313e+006 -911980 0 0.217422 
1.09566e+006 -840588 0 0.249029 
1.15662e+006 -839957 0 0.243399 
1.25836e+006 -613382 0 0.317769 
1.27981e+006 -659905 0 0.320776 
1.29275e+006 -699519 0 0.281219 
1.20531e+006 -659904 0 0.291261 
1.1464e+006 -688904 0 0.430712 
1.08575e+006 -705332 0 0.317795 
1.02881e+006 -766950 0 0.215941 
1.0108e+006 -732299 0 0.0296093 
1.0834e+006 -775748 0 0.261878 
987471 -797735 0 0.112526 
1.6011e+006 -737793 0 0.212653 
1.60601e+006 -758093 0 0.206301 
1.60845e+006 -794186 0 0.20902 
1.49917e+006 -818657 0 0.267402 
1.56655e+006 -883795 0 0.211903 
1.53383e+006 -888389 0 0.252504 
1.48876e+006 -868481 0 0.267777 
1.56447e+006 -827516 0 0.216458 
1.41934e+006 -893697 0 0.257363 
1.50066e+006 -939967 0 0.290495 
1.52013e+006 -915888 0 0.263356 
1.44473e+006 -922794 0 0.275079 
1.53594e+006 -762184 0 0.222561 
1.48752e+006 -780355 0 0.242196 
1.42611e+006 -858828 0 0.231726 
1.36898e+006 -872258 0 0.205218 
1.35004e+006 -977676 0 0.275305 
1.43099e+006 -960687 0 0.324005 
1.43099e+006 -989771 0 0.379842 
1.32589e+006 -953680 0 0.140166 
1.28783e+006 -1.04048e+006 0 0.49227 
1.21999e+006 -1.05042e+006 0 0.531227 
1.24348e+006 -985736 0 0.339313 
1.178e+006 -1.00623e+006 0 0.326411 
1.12686e+006 -1.04419e+006 0 0.295558 
1.11099e+006 -1.08566e+006 0 0.297823 
1.07865e+006 -989115 0 0.227046 
1.22296e+006 -955296 0 0.270244 
1.14282e+006 -939175 0 0.199311 
1.1223e+006 -972120 0 0.16155 
1.07089e+006 -893030 0 0.220882 
1.03326e+006 -838330 0 0.210665 
414465 283074 0 -0.254644 
426077 252300 0 -0.422168 
502995 252020 0 -0.449123 
459535 163277 0 -0.429866 
444426 209624 0 -0.677192 
394390 202003 0 -0.319273 
367219 171651 0 -0.536622 
381975 129955 0 -0.444927 
448426 110574 0 -0.505676 
405705 85230.4 0 -0.359377 
472570 68083.6 0 -0.663215 
434007 41461.4 0 -0.194204 
439808 3587.55 0 0.717387 
532102 26092.8 0 -0.489075 
500951 111218 0 -0.398565 
261667 44098.9 0 0.432157 
310855 53349.9 0 0.503874 
291828 -13479.4 0 0.387972 
351794 -16998.7 0 0.258475 
348967 61845.5 0 -0.0479942 
311913 -80454.6 0 0.376919 
436434 -58628.2 0 0.342257 
375577 -72662.8 0 0.347037 
465724 -134964 0 0.328959 
427725 -100234 0 0.346633 
500513 -99046.5 0 0.304844 
485958 -24416.1 0 -0.258234 
604060 146459 0 -0.169137 
645384 153957 0 -0.042932 
548678 174096 0 0.401024 
521617 134178 0 -0.144032 
574881 67389.2 0 -0.455775 
585339 -12654.7 0 -0.143133 
541935 -56158.3 0 -0.0430918 
656481 -47867.6 0 0.0385405 
589731 -66645.7 0 -0.0123321 
691938 -37990.5 0 0.00609824 
721607 -80664.4 0 -0.245917 
739930 -11001.3 0 -0.0963751 
640523 -107215 0 -0.010499 
691967 127836 0 -0.497712 
779908 170757 0 -0.459038 
749306 132997 0 0.0616354 
736154 92813.2 0 -0.0773147 
670692 25728.1 0 0.256983 
711434 17862.7 0 0.0583151 
640218 66781.1 0 -0.155207 
710507 -138891 0 -0.177902 
655590 -142864 0 -0.0579519 
752037 -205278 0 -0.191784 
671519 -190496 0 -0.0399841 
800281 -249495 0 -0.140463 
738421 -259312 0 -0.0897215 
813385 136126 0 -0.127805 
806249 57754 0 -0.0450084 
804196 -40250.9 0 -0.436505 
800139 -108970 0 -0.424161 
796914 -147122 0 -0.357381 
748716 -120225 0 -0.29736 
780167 -338627 0 -0.0082289 
651643 -220928 0 -0.0177708 
763074 -307479 0 -0.0675553 
768225 -408941 0 -0.130583 
557288 -325786 0 0.319544 
615463 -354540 0 0.141733 
688322 -402735 0 0.0426351 
580747 -153713 0 0.0698435 
565470 -177417 0 0.101346 
530979 -168106 0 0.167233 
560675 -219591 0 0.0760554 
630466 -269931 0 0.0216734 
726478 -323908 0 -0.0525941 
540878 -246551 0 0.252021 
627975 -313084 0 0.0779506 
686371 -355659 0 0.010829 
903763 -193310 0 -0.428252 
891556 -124725 0 -0.296948 
834541 -215526 0 -0.25554 
858693 -195093 0 -0.364249 
859441 -289079 0 0.188469 
928175 -252229 0 0.378769 
854833 -332606 0 0.336564 
358043 -112935 0 0.36272 
433388 -193815 0 0.379661 
461228 -180849 0 0.352785 
505654 -329466 0 0.31068 
500553 -229726 0 0.294858 
444954 -286996 0 0.368344 
453589 -340638 0 0.377737 
527057 -387004 0 0.339879 
632945 -421038 0 0.176872 
703829 -479973 0 0.0531532 
667071 -484958 0 0.121365 
680299 -514561 0 0.150219 
757259 -562475 0 0.168506 
664868 -538992 0 0.245562 
678133 -589341 0 0.306721 
730492 -576316 0 0.223878 
760173 -618943 0 0.304099 
828990 -630408 0 0.294676 
1.0776e+006 -322219 0 0.381753 
1.04284e+006 -388419 0 0.400517 
1.02168e+006 -285597 0 0.624286 
991727 -270980 0 0.826851 
967148 -348284 0 0.622751 
958216 -199826 0 0.619344 
944830 -302139 0 0.628836 
895864 -364230 0 0.715242 
955904 -389375 0 0.509047 
846069 -456153 0 -0.169663 
920366 -427352 0 0.290295 
829490 -413858 0 0.0229127 
953750 -488482 0 0.0452198 
908095 -546953 0 -0.072263 
862889 -504903 0 -0.0858984 
920321 -471124 0 0.0638432 
779065 -473572 0 -0.072674 
815914 -550124 0 0.021794 
857681 -584349 0 0.0761319 
854979 -678324 0 0.541392 
775670 -738720 0 0.359753 
753720 -712514 0 0.363863 
817713 -732438 0 0.358922 
908259 -760179 0 -0.0959301 
953290 -715868 0 -0.0113234 
886542 -796707 0 0.0491319 
958074 -795420 0 0.0480217 
972833 -533228 0 -0.104282 
943865 -626690 0 -0.158354 
909601 -608248 0 -0.0163837 
889397 -673186 0 0.255286 
901865 -1.01434e+006 0 0.240485 
996020 -852869 0 0.181952 
984653 -897107 0 0.225606 
1.02267e+006 -918767 0 0.248197 
994759 -946986 0 0.286274 
1.00492e+006 -977078 0 0.311754 
946959 -942266 0 0.272763 
1.03472e+006 -1.04923e+006 0 0.267956 
977922 -1.00244e+006 0 0.380028 
944875 -1.01832e+006 0 0.276219 
964942 -1.0451e+006 0 0.205118 
920539 -1.05412e+006 0 0.231886 
855865 -1.13588e+006 0 0.262528 
945919 -846691 0 0.128567 
843075 -796136 0 0.159343 
871319 -1.049e+006 0 0.241944 
906055 -896593 0 0.20436 
834769 -1.03743e+006 0 0.243732 
754575 -1.0709e+006 0 0.350824 
822158 -993287 0 0.268147 
811508 -1.1351e+006 0 0.307093 
831010 -1.10123e+006 0 0.252566 
770377 -1.1525e+006 0 0.352014 
757626 -1.11972e+006 0 0.35076 
832618 -1.2745e+006 0 0.319575 
983675 -1.10195e+006 0 0.230052 
908926 -1.15824e+006 0 0.250001 
961048 -1.13962e+006 0 0.244278 
918542 -1.0923e+006 0 0.245691 
965424 -1.18272e+006 0 0.261469 
915251 -1.26408e+006 0 0.309667 
871461 -1.22607e+006 0 0.300954 
872164 -1.34015e+006 0 0.328553 
847529 -1.2847e+006 0 0.320218 
596737 -1.13441e+006 0 0.40819 
647109 -1.18369e+006 0 0.353762 
607992 -1.20221e+006 0 0.372901 
686504 -1.24357e+006 0 0.416742 
729648 -1.29905e+006 0 0.393452 
685003 -1.14521e+006 0 0.35884 
741988 -1.22908e+006 0 0.385845 
772184 -1.23596e+006 0 0.332259 
684856 -1.322e+006 0 0.404178 
740247 -1.37719e+006 0 0.404789 
766760 -1.48865e+006 0 0.39501 
728890 -1.40139e+006 0 0.417294 
693387 -1.39707e+006 0 0.423064 
741577 -1.45221e+006 0 0.431795 
784600 -1.46707e+006 0 0.376354 
800706 -1.46048e+006 0 0.351303 
785008 -1.3234e+006 0 0.370851 
816186 -1.31718e+006 0 0.344452 
823518 -1.379e+006 0 0.351388 
844864 -1.38963e+006 0 0.344683 
975389 -1.24071e+006 0 0.332904 
910982 -1.33729e+006 0 0.326867 
887025 -1.4058e+006 0 0.333999 
840536 -1.43606e+006 0 0.335774 
864655 -1.45738e+006 0 0.32495 
836423 -1.49274e+006 0 0.314684 
848378 -1.56659e+006 0 0.245494 
836525 -1.52483e+006 0 0.291052 
877948 -1.53203e+006 0 0.271593 
906319 -1.54265e+006 0 0.260873 
910004 -1.59281e+006 0 0.21587 
922997 -1.51968e+006 0 0.282274 
834589 -1.57733e+006 0 0.244062 
818327 -1.59294e+006 0 0.229375 
763925 -1.5541e+006 0 0.326504 
783287 -1.63123e+006 0 0.187405 
732331 -1.57771e+006 0 0.316462 
719108 -1.64324e+006 0 0.133749 
681921 -1.59147e+006 0 0.353855 
671333 -1.54087e+006 0 0.535306 
638509 -1.58731e+006 0 0.404347 
645262 -1.64031e+006 0 0.288008 
1.06162e+006 -1.69869e+006 0 0.275516 
964142 -1.55508e+006 0 0.270244 
960111 -1.59087e+006 0 0.253716 
1.00241e+006 -1.62266e+006 0 0.254766 
950748 -1.64927e+006 0 0.206331 
897057 -1.6708e+006 0 0.128851 
-201822 425760 0 0.690574 
-152526 406898 0 0.680098 
-46489.3 330623 0 0.623206 
-3877.63 401565 0 0.553589 
-85798.1 393196 0 0.640453 
262885 109998 0 0.355657 
291946 92716.7 0 0.314732 
320080 182460 0 0.0477413 
256710 185875 0 0.406911 
207699 134226 0 0.392378 
282353 208003 0 0.490716 
231416 258940 0 0.238284 
302178 256487 0 0.252642 
180090 292937 0 0.309129 
79269.6 371145 0 0.407365 
8012.62 320198 0 0.59282 
123924 283047 0 0.359005 
145061 206044 0 0.59119 
187382 211015 0 0.312763 
248238 297891 0 0.290423 
391599 347352 0 -0.02525 
289685 334766 0 0.363267 
319434 379932 0 0.133684 
324682 313494 0 0.182758 
234251 342722 0 0.300019 
184514 337099 0 0.316648 
168744 362081 0 0.33062 
252595 368977 0 0.284607 
166159 394345 0 0.330817 
225088 409675 0 0.280997 
257299 424023 0 0.208628 
112816 430577 0 0.35599 
309155 429619 0 0.155761 
629936 358949 0 0.290347 
560414 356156 0 0.0552976 
518587 403769 0 0.0365363 
442778 403412 0 0.0108835 
515720 350448 0 -0.0645948 
460583 341719 0 -0.141302 
393916 398234 0 0.0382256 
386440 419644 0 0.0672573 
362449 449071 0 0.10851 
-1.01119e+006 524584 0 -0.193582 
-988140 508308 0 -0.172741 
-998622 50933.7 0 0.183688 
-992232 96950.5 0 0.217567 
-947493 90925.4 0 0.0786869 
-1.02362e+006 153260 0 0.420296 
-932946 159328 0 0.287645 
-935109 201838 0 0.429331 
-913709 93567 0 -0.0359655 
-870308 114614 0 0.0475031 
-892376 229433 0 0.327388 
-860487 331635 0 0.130044 
-848647 262403 0 0.232881 
-926512 358464 0 0.0619772 
-816622 300526 0 0.168462 
-947083 445212 0 -0.336688 
-933467 483828 0 -0.250891 
-846171 431930 0 -0.0663846 
-843849 466573 0 -0.0433862 
-886629 387206 0 -0.0448179 
-723935 361785 0 0.161959 
-770128 323234 0 0.169222 
-747045 277200 0 0.212215 
-573223 325639 0 0.404143 
-525396 277823 0 0.437155 
-488130 244257 0 0.538345 
-736745 201606 0 0.240092 
-624540 213110 0 0.378645 
-658125 243917 0 0.276691 
-664863 272619 0 0.257366 
-607713 280408 0 0.366065 
-952845 506987 0 -0.212841 
-742653 458028 0 0.131969 
-732036 484913 0 0.1403 
-649403 426611 0 0.223191 
-747422 412356 0 0.146796 
-777532 462550 0 0.0795593 
-700623 471388 0 0.180369 
-674460 468154 0 0.186194 
-647836 389812 0 0.239144 
-614510 454370 0 0.260886 
-564948 455704 0 0.302129 
-509492 382328 0 0.43151 
-535189 443692 0 0.400217 
-575451 376390 0 0.319041 
-507304 442858 0 0.420299 
-471377 414497 0 0.457599 
-435318 360948 0 0.54477 
-407672 298595 0 0.61145 
-400162 417363 0 0.561772 
-437800 430176 0 0.503803 
-337209 350064 0 0.626383 
-342799 409435 0 0.598012 
-295635 430337 0 0.691379 
-813585 14969.5 0 -0.113384 
-802322 119078 0 0.106933 
-820598 162663 0 0.1572 
-706876 126248 0 0.293898 
-759527 86324.2 0 0.167008 
-727377 48602.2 0 0.250759 
-634552 147123 0 0.414718 
-655155 93159.9 0 0.431056 
-752106 -133253 0 0.177391 
-735395 -178914 0 0.248698 
-717356 -212211 0 0.292394 
-642734 -200146 0 0.297775 
-671027 -156778 0 0.349476 
-618287 -156271 0 0.451019 
-667803 -89540.5 0 0.414864 
-596227 -81821.3 0 0.460704 
-716960 -55177.4 0 0.262792 
-631098 10501.4 0 0.662303 
-689154 -25178.5 0 0.416403 
-772152 -12351.8 0 0.0254204 
-761140 -46676.4 0 0.0816749 
-688726 11670.4 0 0.421102 
-597518 96882.5 0 0.475656 
-586108 50511.7 0 0.460255 
-543167 14744.3 0 0.272253 
-467179 97328 0 0.551878 
-558752 -119583 0 0.458644 
-485670 -78060.5 0 0.595431 
-561249 -170565 0 0.444578 
-510078 -161809 0 0.533191 
-527199 -67783.1 0 0.481017 
-527627 -28951.2 0 0.417922 
-451439 28414.3 0 0.595346 
-422788 -5266.25 0 0.704284 
-394658 118254 0 0.658883 
-422841 103555 0 0.626718 
-506478 176259 0 0.511613 
-547220 209583 0 0.528686 
-522567 99490.9 0 0.45585 
-349581 262213 0 0.609612 
-360990 161848 0 0.656723 
-182353 340740 0 0.632499 
-263258 391032 0 0.670001 
-339747 60687.4 0 0.813248 
-347130 79659.5 0 0.76189 
-278229 196899 0 0.659764 
-306752 226009 0 0.6325 
-233474 288603 0 0.638901 
-455098 -156645 0 0.623952 
-447782 -181370 0 0.66313 
-394157 -139319 0 0.894266 
-369736 -200349 0 0.847239 
-414799 -201002 0 0.731238 
-309307 -179191 0 1.12821 
-340504 -119705 0 1.1461 
-313023 -218059 0 0.940676 
-259485 -142529 0 1.51881 
-269644 -101796 0 1.62444 
-224196 -92050 0 2.06296 
-142510 -54493.3 0 1.36883 
-185424 -16087.8 0 1.19538 
-402836 -76045.5 0 0.845831 
-273008 -31297.5 0 1.33106 
-322811 -53880.8 0 1.19641 
-67937.5 258961 0 0.67131 
-37518.3 105948 0 0.882273 
4153.2 207615 0 0.686327 
8609.14 141786 0 0.83756 
-38422.7 -12054.6 0 1.76433 
32010.7 80415 0 1.02816 
-170719 247169 0 0.64548 
-204756 204765 0 0.654441 
-118174 193494 0 0.676114 
-180927 159985 0 0.662236 
-177128 129414 0 0.665652 
-84774 151466 0 0.71886 
-242210 115013 0 0.726534 
-240645 76912.4 0 0.817522 
-124915 79958.9 0 0.631805 
-271955 21516.6 0 1.0444 
-218768 34803.5 0 0.939582 
-122390 27810.6 0 0.503452 
59127.1 -144293 0 0.967553 
-99924.1 -97191.9 0 1.40425 
16894.6 -41830.1 0 1.41006 
-4287.96 -115346 0 1.25682 
75572.4 -96216.9 0 1.04719 
-226721 -207199 0 1.15646 
-122846 -157409 0 1.29306 
-98831.4 -193564 0 1.06313 
-11588.8 -157136 0 1.09582 
81630.6 -221056 0 0.778638 
-320337 -263695 0 0.719796 
-207295 -276148 0 0.72596 
-34936.6 -255568 0 0.656683 
-121075 -266978 0 0.657664 
782.719 -215919 0 0.823476 
123841 -263880 0 0.618272 
52380.7 279020 0 0.575457 
59577.4 245787 0 0.605113 
127924 157154 0 0.651614 
97215.6 117822 0 0.791238 
159728 52717.7 0 0.807492 
143601 -42583.9 0 0.881021 
49933.4 38440.6 0 1.12014 
83924.2 27888.6 0 1.04072 
74905.6 -32431.2 0 1.14515 
197877 47755.6 0 0.747987 
167151 -149121 0 0.74476 
192562 -239929 0 0.583994 
228712 -169233 0 0.43928 
208226 -66296.4 0 0.73003 
205430 -22562.9 0 0.738265 
245286 -36906 0 0.672575 
272603 -155560 0 0.421782 
318697 -152742 0 0.412225 
-534005 -465120 0 0.0663863 
-567342 -374863 0 0.220728 
-563396 -290964 0 0.455304 
-518019 -334141 0 0.372812 
-502990 -290907 0 0.423929 
-645235 -247701 0 0.303569 
-515229 -225707 0 0.476241 
-422128 -260772 0 0.571773 
-282077 -340691 0 0.48397 
-489797 -398226 0 0.206293 
-433407 -326960 0 0.408677 
-379607 -364981 0 0.387417 
-301710 -376201 0 0.391099 
-129891 -397070 0 0.109624 
-498242 -638115 0 0.153548 
-452721 -608205 0 0.330172 
-390191 -548852 0 0.210211 
-470697 -566368 0 0.512662 
-453580 -531721 0 0.0973473 
-452141 -496206 0 0.0315455 
-447508 -459864 0 0.08291 
-407931 -450086 0 0.177156 
-386616 -443682 0 0.221898 
-375249 -585016 0 0.250481 
-354514 -592702 0 0.237641 
-284169 -489731 0 0.127982 
-308015 -569366 0 0.220883 
-319192 -467896 0 0.263547 
-381063 -406086 0 0.284981 
-281030 -412422 0 0.314992 
-307346 -429903 0 0.299263 
-142730 -433400 0 0.0571827 
5883.2 -451384 0 0.435567 
79103.4 -465807 0 0.494401 
163534 -426341 0 0.520221 
221719 -380919 0 0.519494 
308259 -416042 0 0.647119 
278307 -438821 0 0.768194 
-112360 -323054 0 0.307805 
-103103 -353226 0 0.116965 
61497.5 -391620 0 0.627282 
14272 -414383 0 0.4623 
35392.6 -400468 0 0.533434 
-47586 -311371 0 0.401781 
93074.6 -380307 0 0.204811 
22889.9 -314872 0 0.39686 
184197 -386652 0 0.525968 
114038 -356035 0 0.63832 
110456 -304780 0 0.599969 
196100 -299712 0 0.535073 
255332 -353051 0 0.415495 
255444 -305722 0 0.423763 
318667 -317539 0 0.453844 
323770 -218789 0 0.432243 
372081 -207999 0 0.410971 
324955 -275375 0 0.432208 
368075 -276507 0 0.445456 
342432 -388978 0 0.564388 
376933 -321934 0 0.471699 
349616 -442902 0 0.587911 
388703 -391011 0 0.48787 
413849 -393662 0 0.469735 
370216 -477115 0 0.552426 
397852 -512345 0 0.51388 
327740 -483639 0 0.609336 
334584 -548163 0 0.508294 
344103 -523495 0 0.537297 
434426 -414097 0 0.453768 
430015 -482046 0 0.481139 
433806 -592447 0 0.453503 
462438 -538368 0 0.498119 
442786 -486283 0 0.487721 
-245254 -586611 0 0.168945 
-219921 -531809 0 0.154603 
-212919 -609023 0 0.170881 
-88423.1 -527357 0 0.256663 
-164559 -495356 0 0.201059 
-152423 -469259 0 0.14608 
-81943.5 -480421 0 0.229234 
-49548.8 -477727 0 0.310408 
16839.8 -513332 0 0.35228 
-100552 -606804 0 0.263703 
-9120.6 -559528 0 0.300014 
-154485 -616516 0 0.18389 
-138827 -592285 0 0.180668 
-35434.4 -552658 0 0.279171 
-17813.3 -584241 0 0.283905 
117075 -541904 0 0.478858 
217093 -601712 0 0.457965 
-164872 -668535 0 0.173783 
-204614 -653581 0 0.17447 
-42946.9 -688774 0 0.288101 
-135787 -697413 0 0.193459 
-58428.6 -665248 0 0.292232 
98756.3 -696184 0 0.352685 
30210.7 -671099 0 0.336978 
230394 -685255 0 0.393288 
26443.5 -652229 0 0.306069 
159369 -665880 0 0.390291 
-51.9095 -602438 0 0.292647 
91611.4 -582673 0 0.40581 
-16185 -627495 0 0.273514 
87384.8 -622767 0 0.383406 
176384 -627265 0 0.422057 
285115 -658654 0 0.406123 
338781 -634728 0 0.404587 
377037 -599547 0 0.422593 
414425 -646454 0 0.323282 
207164 -435033 0 0.580254 
268295 -504966 0 0.617681 
185865 -471286 0 0.548073 
226290 -496311 0 0.582766 
293674 -583542 0 0.485032 
157653 -513571 0 0.482155 
241666 -556686 0 0.519586 
498403 -521358 0 0.485371 
524733 -472028 0 0.413533 
577752 -532618 0 0.41071 
589389 -455174 0 0.281898 
615007 -544819 0 0.372922 
634439 -573962 0 0.375967 
389692 -705769 0 0.369736 
461124 -721863 0 0.40051 
460890 -761045 0 0.383524 
471287 -789508 0 0.382439 
539500 -757745 0 0.436635 
558244 -811740 0 0.422599 
593930 -785591 0 0.416292 
518188 -703502 0 0.478464 
625373 -735402 0 0.380257 
622367 -777346 0 0.371555 
679915 -719009 0 0.366388 
670315 -805179 0 0.334672 
708174 -805604 0 0.319775 
711229 -741272 0 0.342988 
517971 -623644 0 0.637933 
662832 -655322 0 0.388328 
594114 -677562 0 0.464731 
559159 -651942 0 0.532811 
770712 -657232 0 0.375597 
567733 -954465 0 0.398649 
591921 -869093 0 0.396852 
638299 -910616 0 0.369474 
729660 -972752 0 0.330407 
641202 -977686 0 0.348103 
693629 -889093 0 0.350009 
824940 -836674 0 0.187317 
780641 -844678 0 0.27145 
807872 -904511 0 0.249278 
755805 -911925 0 0.26947 
766279 -879663 0 0.276096 
759722 -949326 0 0.315501 
792033 -1.00059e+006 0 0.292552 
713479 -1.01385e+006 0 0.323107 
-513647 -691907 0 0.14649 
-436555 -724502 0 0.151875 
-416144 -678622 0 0.201589 
-387060 -686338 0 0.194288 
-352817 -739189 0 0.158884 
-432127 -794215 0 0.111128 
-388254 -806889 0 0.120914 
-333862 -705561 0 0.173891 
-254076 -758107 0 0.150376 
-362266 -843574 0 0.116788 
-270101 -674489 0 0.165945 
-293270 -678960 0 0.172222 
-242843 -816069 0 0.141576 
-125871 -767118 0 0.189857 
-146665 -722840 0 0.172625 
-57147.3 -803956 0 0.281973 
54258.3 -782979 0 0.297082 
-7870.04 -755253 0 0.265261 
1869.18 -779316 0 0.299793 
-28677.2 -722458 0 0.2792 
57242.3 -725228 0 0.325549 
83833.3 -791125 0 0.300301 
165010 -772130 0 0.338779 
138661 -728719 0 0.349903 
206799 -752820 0 0.359254 
219920 -802784 0 0.346793 
152504 -792496 0 0.322026 
141960 -813805 0 0.308139 
219717 -829499 0 0.342772 
270441 -781943 0 0.364558 
277264 -827708 0 0.397152 
-308371 -885939 0 0.122693 
-203926 -881750 0 0.138447 
-165587 -850071 0 0.163223 
-214695 -846839 0 0.140062 
-182976 -818275 0 0.166798 
-89310.3 -873783 0 0.16653 
-45914.2 -843743 0 0.241532 
17699.8 -866493 0 0.241568 
85677.4 -927764 0 0.203633 
185039 -992031 0 0.342869 
278473 -986975 0 0.444486 
284582 -877559 0 0.407738 
89708.2 -877891 0 0.241949 
110197 -856838 0 0.267676 
186792 -905397 0 0.338115 
195613 -863391 0 0.333452 
270777 -943346 0 0.41222 
354377 -783352 0 0.382861 
334485 -800933 0 0.383086 
396752 -881804 0 0.401741 
345716 -835316 0 0.426821 
399318 -971435 0 0.445915 
344163 -887301 0 0.433713 
341889 -940633 0 0.42813 
325287 -709044 0 0.381512 
257505 -736214 0 0.373268 
301145 -730313 0 0.374987 
392609 -770944 0 0.376342 
433387 -834202 0 0.366443 
463322 -903479 0 0.425426 
506510 -853853 0 0.386099 
511905 -914382 0 0.413376 
442039 -947278 0 0.431111 
-412375 -905339 0 0.0865043 
-449866 -928699 0 0.0458904 
-412406 -988724 0 0.0562301 
-458031 -997321 0 0.0456412 
-417823 -1.06038e+006 0 0.064053 
-344098 -1.05882e+006 0 0.127894 
-347604 -991945 0 0.144661 
-335658 -1.10007e+006 0 0.180843 
-265513 -1.06221e+006 0 0.187451 
-283834 -996525 0 0.162347 
-261150 -970200 0 0.164843 
-307481 -954103 0 0.15344 
-185019 -1.04992e+006 0 0.215018 
-85053.6 -1.02143e+006 0 0.174566 
72787.6 -1.01173e+006 0 0.222277 
243331 -1.09404e+006 0 0.423848 
277009 -1.08768e+006 0 0.466301 
396028 -1.09699e+006 0 0.473624 
-222708 -921917 0 0.16905 
-97393.6 -909187 0 0.178325 
-187995 -956107 0 0.170103 
-144415 -979138 0 0.173634 
-26612.6 -932674 0 0.190895 
-64362 -976017 0 0.201603 
7699.01 -965248 0 0.177605 
61388.5 -956199 0 0.147403 
315530 -1.06607e+006 0 0.531431 
310517 -1.0317e+006 0 0.497773 
368789 -1.00097e+006 0 0.474145 
428153 -1.03098e+006 0 0.436336 
489385 -983891 0 0.416302 
478452 -1.04726e+006 0 0.413554 
491331 -1.09859e+006 0 0.4562 
545907 -1.03111e+006 0 0.399925 
601756 -1.03503e+006 0 0.395856 
663926 -1.0591e+006 0 0.398861 
582935 -1.08076e+006 0 0.417088 
699893 -1.04568e+006 0 0.326301 
607568 -1.09774e+006 0 0.431319 
709975 -1.12003e+006 0 0.373729 
-258310 -1.12786e+006 0 0.220838 
-228987 -1.09888e+006 0 0.219027 
-131932 -1.12554e+006 0 0.182633 
-172175 -1.15444e+006 0 0.241624 
-46331.9 -1.14965e+006 0 0.246207 
-83121.6 -1.10251e+006 0 0.209691 
8021.76 -1.12615e+006 0 0.24393 
-97074.9 -1.07185e+006 0 0.178837 
2112.66 -1.07143e+006 0 0.227053 
75786 -1.11869e+006 0 0.287405 
10101.5 -1.10288e+006 0 0.236496 
23256.2 -1.1716e+006 0 0.267 
105478 -1.20004e+006 0 0.297115 
-83952.1 -1.18707e+006 0 0.26567 
-72160.9 -1.22108e+006 0 0.272521 
32084.4 -1.20738e+006 0 0.267995 
217060 -1.21757e+006 0 0.32175 
145922 -1.1443e+006 0 0.346321 
119986 -1.16839e+006 0 0.299761 
-9698.7 -1.23536e+006 0 0.267856 
-11924.4 -1.25964e+006 0 0.271467 
107088 -1.23677e+006 0 0.316167 
64967.6 -1.22794e+006 0 0.294916 
177396 -1.16687e+006 0 0.333358 
140297 -1.25521e+006 0 0.314774 
286660 -1.22627e+006 0 0.344986 
17664.5 -1.03576e+006 0 0.213393 
128023 -1.08155e+006 0 0.322686 
238139 -1.1473e+006 0 0.37927 
302489 -1.18997e+006 0 0.390379 
367763 -1.24062e+006 0 0.409108 
331771 -1.19104e+006 0 0.411247 
365395 -1.15896e+006 0 0.449104 
339758 -1.17005e+006 0 0.431303 
428412 -1.1605e+006 0 0.450094 
491321 -1.23796e+006 0 0.435988 
465417 -1.17923e+006 0 0.423831 
503129 -1.15947e+006 0 0.430623 
539134 -1.20076e+006 0 0.419398 
582546 -1.26813e+006 0 0.429096 
618319 -1.3907e+006 0 0.468119 
627882 -1.31719e+006 0 0.432029 
601196 -1.35201e+006 0 0.453535 
606285 -1.29268e+006 0 0.430285 
609864 -1.4117e+006 0 0.479039 
678790 -1.46419e+006 0 0.479065 
670300 -1.40181e+006 0 0.436644 
650004 -1.38439e+006 0 0.45549 
395602 -1.27677e+006 0 0.437514 
499015 -1.27115e+006 0 0.444696 
443820 -1.29508e+006 0 0.450536 
570368 -1.36347e+006 0 0.466346 
480986 -1.31884e+006 0 0.456631 
536342 -1.32767e+006 0 0.460498 
490896 -1.34742e+006 0 0.467666 
379367 -1.33691e+006 0 0.485503 
503576 -1.38658e+006 0 0.490206 
414490 -1.33015e+006 0 0.475724 
589381 -1.45995e+006 0 0.504864 
613107 -1.55854e+006 0 0.459602 
431023 -1.42954e+006 0 0.509367 
492449 -1.51432e+006 0 0.525339 
565838 -1.57378e+006 0 0.433247 
480811 -1.43624e+006 0 0.505969 
543538 -1.48696e+006 0 0.508322 
538022 -1.58089e+006 0 0.428557 
537744 -1.62222e+006 0 0.358551 
188649 -1.29994e+006 0 0.310635 
249519 -1.36051e+006 0 0.357985 
271540 -1.28545e+006 0 0.266811 
241367 -1.30195e+006 0 0.297523 
328592 -1.38421e+006 0 0.574852 
325776 -1.31092e+006 0 0.410542 
366701 -1.37893e+006 0 0.531703 
318646 -1.44217e+006 0 0.452838 
301804 -1.40988e+006 0 0.42134 
390807 -1.46808e+006 0 0.489969 
437412 -1.54793e+006 0 0.589244 
508009 -1.63938e+006 0 0.324933 
426504 -1.60747e+006 0 0.467285 
418671 -1.6437e+006 0 0.419397 
464711 -1.60886e+006 0 0.437809 
446075 -1.6749e+006 0 0.372775 
575288 -1.66009e+006 0 0.311545 
537690 -1.68226e+006 0 0.309349 
491829 -1.66492e+006 0 0.335657 
475001 -1.71561e+006 0 0.335807 
448076 -1.73369e+006 0 0.346605 
-285168 -1.2166e+006 0 0.24486 
-234929 -1.20167e+006 0 0.246082 
-151577 -1.28389e+006 0 0.319479 
-152905 -1.32141e+006 0 0.326255 
-221037 -1.17269e+006 0 0.241953 
-144284 -1.23291e+006 0 0.294886 
-74344.8 -1.29011e+006 0 0.271928 
49945.7 -1.2912e+006 0 0.271485 
-3724.86 -1.38089e+006 0 0.26792 
17108.4 -1.33553e+006 0 0.273328 
85226.5 -1.3369e+006 0 0.281976 
81303.6 -1.37925e+006 0 0.288256 
163084 -1.35743e+006 0 0.31575 
244264 -1.43753e+006 0 0.378062 
242343 -1.49099e+006 0 0.38034 
200764 -1.44702e+006 0 0.356267 
323514 -1.55861e+006 0 0.437697 
306268 -1.61588e+006 0 0.411891 
353224 -1.53369e+006 0 0.473399 
390311 -1.68539e+006 0 0.380897 
162704 -1.45961e+006 0 0.344182 
189658 -1.50797e+006 0 0.361422 
185810 -1.53551e+006 0 0.361833 
275853 -1.55935e+006 0 0.400412 
229958 -1.58792e+006 0 0.368652 
-273843 -1.27834e+006 0 0.299935 
-119818 -1.37331e+006 0 0.330279 
-286956 -1.35304e+006 0 0.312315 
-210355 -1.39436e+006 0 0.337213 
-219062 -1.44609e+006 0 0.339144 
-168486 -1.39469e+006 0 0.333094 
-117887 -1.42128e+006 0 0.259678 
-50390.1 -1.44098e+006 0 0.267719 
1649.24 -1.45457e+006 0 0.27573 
-67389.4 -1.53858e+006 0 0.271415 
-137789 -1.5035e+006 0 0.26343 
-95500.8 -1.46799e+006 0 0.264951 
-13034.2 -1.50871e+006 0 0.271771 
68291.9 -1.49962e+006 0 0.287614 
91071.1 -1.45282e+006 0 0.290011 
51232.6 -1.44828e+006 0 0.279668 
31566.2 -1.55969e+006 0 0.281206 
44097.7 -1.53723e+006 0 0.283396 
144526 -1.53214e+006 0 0.347686 
-15499.2 -1.60874e+006 0 0.273477 
-2020.89 -1.64124e+006 0 0.275013 
76525.9 -1.59825e+006 0 0.29069 
195495 -1.62192e+006 0 0.349364 
129279 -1.63325e+006 0 0.302191 
280091 -1.65527e+006 0 0.386313 
365572 -1.7296e+006 0 0.360286 
391010 -1.71818e+006 0 0.375711 
413363 -1.76977e+006 0 0.352738 
297589 -1.74134e+006 0 0.358949 
327532 -1.72888e+006 0 0.363411 
98035 -1.66515e+006 0 0.291413 
232595 -1.71873e+006 0 0.359311 
203023 -1.67583e+006 0 0.362438 
273096 -1.78662e+006 0 0.347464 
153664 -1.72485e+006 0 0.348521 
106251 -1.70985e+006 0 0.288503 
220033 -1.78309e+006 0 0.346617 
171865 -1.72079e+006 0 0.351146 
369078 -1.78443e+006 0 0.361442 
320635 -1.79765e+006 0 0.343591 
328758 -1.83639e+006 0 0.360162 
316171 -1.85429e+006 0 0.334384 
292510 -1.85648e+006 0 0.335647 
247524 -1.8337e+006 0 0.339929 
239716 -1.86371e+006 0 0.336561 
-2174.93 -1.69144e+006 0 0.273594 
-28655.9 -1.69845e+006 0 0.270421 
31216.6 -1.822e+006 0 0.270243 
-12907.6 -1.78477e+006 0 0.268781 
103131 -1.88122e+006 0 0.334177 
43658.9 -1.74239e+006 0 0.276534 
78692.1 -1.73278e+006 0 0.281836 
111070 -1.82451e+006 0 0.337446 
116310 -1.78653e+006 0 0.340161 
155339 -1.78583e+006 0 0.342613 
197066 -1.86134e+006 0 0.336931 
257320 -1.89365e+006 0 0.333336 
254386 -1.91372e+006 0 0.331883 
264102 -1.93815e+006 0 0.329964 
177286 -1.91654e+006 0 0.333014 
206541 -1.9579e+006 0 0.33058 
149317 -1.96456e+006 0 0.330933 
191092 -2.00971e+006 0 0.328987 
221172 -2.07352e+006 0 0.327039 
-613672 -782516 0 0.276698 
-520091 -832368 0 0.0994688 
-513201 -773080 0 0.115853 
-556933 -754973 0 0.0985181 
-556206 -860205 0 0.0640411 
-514366 -933398 0 0.0198741 
-582424 -924100 0 -0.0165546 
-561301 -1.03222e+006 0 0.0338476 
-611616 -1.00678e+006 0 0.0375941 
-618331 -1.13617e+006 0 0.060893 
-644641 -1.06412e+006 0 0.0567123 
-676260 -1.00446e+006 0 0.159078 
-741039 -1.10617e+006 0 0.122734 
-704470 -1.06676e+006 0 0.183838 
-738688 -1.18862e+006 0 0.127105 
-687831 -1.14884e+006 0 0.0643816 
-607051 -1.21726e+006 0 0.0703475 
-681285 -1.23854e+006 0 0.0691171 
-708054 -1.28511e+006 0 0.0705712 
-663270 -1.37741e+006 0 0.100523 
-643753 -1.32452e+006 0 0.0783068 
-801906 -1.43709e+006 0 0.131055 
-731631 -1.37172e+006 0 0.128119 
-569414 -1.47196e+006 0 0.174948 
-468393 -1.60282e+006 0 0.258852 
-394308 -1.64682e+006 0 0.19268 
-389697 -1.71714e+006 0 0.194406 
-358767 -1.68989e+006 0 0.19511 
-313052 -1.74085e+006 0 0.226735 
-308915 -1.66753e+006 0 0.22564 
-330565 -1.69495e+006 0 0.196394 
-204656 -1.67702e+006 0 0.264631 
-268165 -1.65873e+006 0 0.227357 
-213225 -1.64813e+006 0 0.263771 
-233798 -1.61611e+006 0 0.262125 
-142322 -1.68817e+006 0 0.267897 
-91302 -1.60387e+006 0 0.270793 
-98299.8 -1.68399e+006 0 0.264388 
-66760 -1.66778e+006 0 0.267174 
-551884 -1.11714e+006 0 0.0564353 
-512677 -1.14308e+006 0 0.063459 
-577651 -1.30728e+006 0 0.0992461 
-485404 -1.47699e+006 0 0.171037 
-464427 -1.07092e+006 0 0.0558491 
-484291 -1.10602e+006 0 0.059367 
-417230 -1.18575e+006 0 0.0971781 
-360991 -1.14351e+006 0 0.185822 
-472652 -1.23115e+006 0 0.0973681 
-494965 -1.19632e+006 0 0.0729413 
-399688 -1.29969e+006 0 0.198388 
-485212 -1.2721e+006 0 0.101362 
-474118 -1.30504e+006 0 0.132029 
-502275 -1.33224e+006 0 0.133048 
-408372 -1.38194e+006 0 0.167326 
-322775 -1.49941e+006 0 0.254157 
-428277 -1.4495e+006 0 0.247777 
-360339 -1.54828e+006 0 0.191056 
-396701 -1.51678e+006 0 0.255789 
-350762 -1.56838e+006 0 0.192359 
-329912 -1.58727e+006 0 0.194142 
-286465 -1.44223e+006 0 0.251582 
-174242 -1.59081e+006 0 0.26441 
-255969 -1.58424e+006 0 0.226227 
-208147 -1.59917e+006 0 0.262819 
-140781 -1.58948e+006 0 0.266533 
-59100 -1.74036e+006 0 0.266633 
14960 -1.88246e+006 0 0.266004 
86644.9 -1.98357e+006 0 0.330407 
124541 -2.04772e+006 0 0.328876 
170036 -2.08952e+006 0 0.327723 
-587693 -545254 0 -0.0408571 
-527197 -573140 0 -0.25094 
-568161 -579701 0 -0.0851252 
-602019 -612091 0 0.12919 
-703100 -592441 0 0.455965 
-716753 -572477 0 0.464566 
-585007 -660191 0 0.192438 
-637530 -707957 0 0.475465 
-582021 -713136 0 0.225436 
-648479 -644193 0 0.40143 
-719768 -656012 0 0.620588 
-687334 -710528 0 0.781256 
-799022 -611900 0 0.612139 
-757757 -750600 0 0.583228 
-729065 -726776 0 0.666162 
-779302 -664688 0 0.631867 
-831796 -692647 0 0.558382 
-835854 -207144 0 0.305744 
-789017 -193073 0 0.250253 
-814349 -293721 0 0.519094 
-769486 -262200 0 0.387117 
-741028 -346185 0 0.442442 
-798328 -401198 0 0.640235 
-851556 -340032 0 0.766585 
-886084 -338073 0 0.867829 
-726835 -406313 0 0.434375 
-663525 -306594 0 0.318834 
-605214 -478592 0 0.130037 
-689804 -470655 0 0.332516 
-655967 -415963 0 0.269449 
-648466 -372445 0 0.332355 
-664665 -519962 0 0.275281 
-708721 -534983 0 0.417061 
-769255 -519870 0 0.566134 
-778057 -469412 0 0.569717 
-808720 -441652 0 0.667268 
-872886 -453359 0 0.842332 
-923297 -477907 0 0.83985 
-862719 -536425 0 0.676639 
-826332 -558138 0 0.644177 
-920067 -545829 0 0.682753 
-872068 -640878 0 0.611949 
-934311 -603940 0 0.564058 
-918430 -748947 0 0.412508 
-965462 -635831 0 0.496133 
-989007 -679402 0 0.43238 
-914014 -694261 0 0.472002 
-1.00163e+006 -743201 0 0.360972 
-1.00693e+006 -821827 0 0.278061 
-1.0637e+006 -788192 0 0.263826 
-656734 -860501 0 0.236348 
-644572 -821528 0 0.2911 
-664268 -925424 0 0.159829 
-694454 -814803 0 0.407357 
-764644 -864927 0 0.354688 
-749490 -951296 0 0.234668 
-759661 -829970 0 0.419842 
-836616 -809450 0 0.408971 
-778936 -804526 0 0.449179 
-806716 -770966 0 0.48961 
-864696 -904548 0 0.269495 
-913831 -818243 0 0.348922 
-1.06623e+006 -874974 0 0.176185 
-1.17358e+006 -897454 0 0.310861 
-1.11603e+006 -825502 0 0.218287 
-1.12334e+006 -944675 0 0.0983883 
-1.27311e+006 -884016 0 0.372558 
-1.24069e+006 -846571 0 0.428825 
-1.25715e+006 -952654 0 0.330556 
-1.16961e+006 -763951 0 0.497416 
-1.18293e+006 -824630 0 0.44482 
-1.24888e+006 -783650 0 0.46921 
-1.32087e+006 -631153 0 0.656931 
-1.32043e+006 -797763 0 0.443734 
-1.27078e+006 -712105 0 0.547063 
-1.3043e+006 -927808 0 0.352558 
-1.37131e+006 -842958 0 0.374316 
-859164 -1.16285e+006 0 0.159173 
-893323 -1.11043e+006 0 0.131767 
-804411 -1.13955e+006 0 0.157795 
-806280 -1.07576e+006 0 0.161976 
-931294 -1.12517e+006 0 0.0947468 
-804533 -1.00816e+006 0 0.187429 
-878920 -1.05272e+006 0 0.140075 
-990246 -1.06047e+006 0 0.0356206 
-885090 -1.02541e+006 0 0.151379 
-983248 -1.09856e+006 0 0.0240044 
-899373 -1.00537e+006 0 0.156951 
-949376 -948895 0 0.195835 
-928087 -952260 0 0.188212 
-939031 -994090 0 0.15534 
-1.0376e+006 -1.03323e+006 0 0.00389531 
-1.04241e+006 -957461 0 0.104741 
-967179 -944890 0 0.188925 
-983968 -901648 0 0.232142 
-1.33138e+006 -1.00041e+006 0 0.321097 
-1.36421e+006 -969923 0 0.342167 
-1.29315e+006 -1.00945e+006 0 0.306823 
-1.35718e+006 -1.15366e+006 0 0.360063 
-1.28435e+006 -1.14267e+006 0 0.168176 
-1.321e+006 -1.15886e+006 0 0.146427 
-1.37426e+006 -1.2374e+006 0 0.404921 
-1.36333e+006 -1.27425e+006 0 0.182626 
-1.23403e+006 -1.01893e+006 0 0.118729 
-1.21567e+006 -1.0482e+006 0 0.0892148 
-1.19619e+006 -1.08334e+006 0 0.0476182 
-1.26756e+006 -1.08463e+006 0 0.14248 
-768799 -1.25822e+006 0 0.112547 
-830833 -1.3089e+006 0 0.164919 
-823922 -1.38471e+006 0 0.119581 
-832608 -1.2273e+006 0 0.141831 
-923162 -1.27107e+006 0 0.0925602 
-883022 -1.37016e+006 0 0.139019 
-971211 -1.22649e+006 0 0.0907221 
-1.06119e+006 -1.25309e+006 0 0.0161076 
-931014 -1.36778e+006 0 0.129882 
-975530 -1.41609e+006 0 0.0937852 
-989396 -1.31647e+006 0 0.0668592 
-1.04027e+006 -1.39732e+006 0 0.0978104 
-1.01415e+006 -1.37455e+006 0 0.089847 
-1.10671e+006 -1.2839e+006 0 0.0894044 
-1.08035e+006 -1.37589e+006 0 0.0904549 
-1.10503e+006 -1.3378e+006 0 0.0753171 
-1.13989e+006 -1.31273e+006 0 0.151382 
-902552 -1.20688e+006 0 0.143198 
-914949 -1.17857e+006 0 0.12217 
-999704 -1.18021e+006 0 0.0158487 
-948824 -1.15733e+006 0 0.0703342 
-1.03781e+006 -1.14845e+006 0 -0.0596739 
-1.09622e+006 -1.19279e+006 0 -0.0153009 
-1.16413e+006 -999562 0 0.0594015 
-1.10022e+006 -1.04501e+006 0 -0.0607693 
-1.07271e+006 -1.13028e+006 0 -0.129162 
-1.18026e+006 -1.24195e+006 0 0.113215 
-1.13377e+006 -1.13445e+006 0 -0.0343942 
-1.17967e+006 -1.13934e+006 0 0.0318969 
-1.22715e+006 -1.16301e+006 0 0.0770124 
-1.29208e+006 -1.24024e+006 0 0.153364 
-1.22181e+006 -1.28548e+006 0 0.126658 
-1.24616e+006 -1.30896e+006 0 0.148197 
-1.15366e+006 -1.36641e+006 0 0.191503 
-1.21658e+006 -1.35924e+006 0 0.155274 
-1.28381e+006 -1.32215e+006 0 0.169748 
-1.08677e+006 -1.43218e+006 0 0.110932 
-922558 -1.4349e+006 0 0.111629 
-884004 -1.45616e+006 0 0.0923924 
-849994 -1.46474e+006 0 0.101507 
-918212 -335508 0 0.935077 
-902750 -244961 0 0.47013 
-938957 -239151 0 0.446575 
-976761 -241696 0 0.415096 
-969987 -299419 0 0.697379 
-1.01232e+006 -265061 0 0.503023 
-946457 -386890 0 1.3367 
-987420 -359012 0 0.888328 
-1.01201e+006 -473747 0 0.667306 
-976803 -487421 0 0.73834 
-958970 -437742 0 0.940147 
-1.00432e+006 -409026 0 0.681644 
-1.20929e+006 -569720 0 0.62495 
-1.1963e+006 -629880 0 0.604548 
-1.16192e+006 -538881 0 0.627867 
-1.04972e+006 -436826 0 0.713264 
-1.07891e+006 -418747 0 0.683635 
-1.14696e+006 -441417 0 0.649852 
-1.19721e+006 -302238 0 0.656244 
-1.1239e+006 -322896 0 0.688601 
-1.05049e+006 -264364 0 0.587268 
-1.0464e+006 -345532 0 0.714781 
-1.09609e+006 -715905 0 0.478486 
-1.05366e+006 -695587 0 0.629436 
-1.03884e+006 -613812 0 0.691888 
-992702 -552391 0 0.568237 
-1.07287e+006 -540007 0 0.698639 
-1.17399e+006 -700297 0 0.56203 
-1.12008e+006 -646844 0 0.566652 
-1.10101e+006 -592787 0 0.594704 
-1.15209e+006 -598196 0 0.593022 
-1.26421e+006 -290486 0 0.686367 
-1.30949e+006 -286164 0 0.804334 
-1.32758e+006 -384527 0 0.954467 
-1.37463e+006 -400360 0 1.07953 
-1.41528e+006 -339523 0 1.14999 
-1.38632e+006 -293247 0 1.0233 
-1.46839e+006 -431493 0 1.44466 
-1.50165e+006 -296477 0 1.24743 
-1.43459e+006 -243909 0 0.970554 
-1.49059e+006 -217599 0 0.790428 
-1.56691e+006 -246715 0 0.856906 
-1.63837e+006 -268356 0 0.843911 
-1.63915e+006 -206721 0 0.57801 
-1.56152e+006 -168189 0 0.652041 
-1.72088e+006 -454671 0 0.450838 
-1.69768e+006 -413600 0 0.395606 
-1.65086e+006 -362399 0 1.0648 
-1.60519e+006 -351425 0 1.43828 
-1.70042e+006 -484864 0 0.533857 
-1.65751e+006 -442272 0 0.989741 
-1.58358e+006 -419519 0 2.30926 
-1.65662e+006 -545285 0 0.483609 
-1.67814e+006 -513146 0 0.528466 
-1.62941e+006 -485193 0 1.10695 
-1.61282e+006 -537999 0 0.81319 
-1.51428e+006 -402457 0 1.70283 
-1.54986e+006 -498844 0 1.41008 
-1.52163e+006 -572388 0 0.937234 
-1.45151e+006 -481958 0 1.36744 
-1.40405e+006 -484071 0 1.16869 
-1.35852e+006 -497606 0 0.97924 
-1.28287e+006 -417528 0 0.887508 
-1.24371e+006 -474024 0 0.813902 
-1.2896e+006 -651832 0 0.623969 
-1.5797e+006 -601321 0 0.578936 
-1.48519e+006 -624150 0 0.783183 
-1.38704e+006 -588493 0 0.867789 
-1.48343e+006 -692401 0 0.518279 
-1.38407e+006 -724675 0 0.471579 
-1.39911e+006 -888616 0 0.351398 
-1.12961e+006 507032 0 0.226631 
-1.12141e+006 458688 0 0.30067 
-1.15e+006 539780 0 0.200742 
-1.1999e+006 542222 0 0.241559 
-1.17712e+006 553011 0 0.207522 
-987083 234196 0 0.745238 
-1.03412e+006 236812 0 0.533774 
-993332 306601 0 0.339796 
-1.11331e+006 336889 0 0.184952 
-1.0863e+006 227429 0 0.394499 
-1.04598e+006 513777 0 -0.0431254 
-999018 455006 0 0.0602466 
-1.05752e+006 433547 0 0.105571 
-1.00463e+006 394286 0 0.0432342 
-1.07361e+006 482888 0 0.0966757 
-1.03223e+006 387040 0 0.0717814 
-1.07604e+006 375882 0 0.0571917 
-1.14807e+006 424509 0 0.495274 
-1.22587e+006 484164 0 0.401898 
-1.23985e+006 530971 0 0.244556 
-1.26828e+006 536905 0 0.219158 
-1.20321e+006 430461 0 0.704821 
-1.20036e+006 398146 0 0.949004 
-1.24646e+006 414176 0 0.59555 
-1.2101e+006 367205 0 0.724154 
-1.26186e+006 442595 0 0.427467 
-1.28643e+006 403488 0 0.37539 
-1.32707e+006 464920 0 0.0600128 
-1.28516e+006 471239 0 0.262103 
-1.33856e+006 526012 0 0.0529518 
-1.35159e+006 588929 0 0.0641438 
-1.30684e+006 524287 0 0.136875 
-1.37742e+006 548196 0 -0.00596892 
-1.43348e+006 516810 0 -0.093011 
-1.42451e+006 570202 0 0.0130717 
-1.43593e+006 608325 0 0.0665036 
-1.48036e+006 582727 0 0.0475542 
-1.51266e+006 552129 0 0.0677202 
-1.50967e+006 465818 0 -0.0982905 
-1.54289e+006 504799 0 0.0514978 
-1.46941e+006 473885 0 -0.129034 
-1.38321e+006 442193 0 -0.281387 
-1.43055e+006 471680 0 -0.180034 
-1.44357e+006 408842 0 -0.160863 
-1.45301e+006 358849 0 -0.0732973 
-1.55766e+006 437256 0 -0.125146 
-1.5952e+006 411837 0 0.0662094 
-1.54465e+006 346878 0 0.00353826 
-837925 -59738 0 -0.243758 
-826143 -110492 0 -0.017918 
-863761 -143734 0 0.0961215 
-912347 -117092 0 0.0590357 
-900132 -183774 0 0.250815 
-968888 -72651.4 0 0.0784458 
-903812 -6847.09 0 -0.0921006 
-934915 -30240.4 0 -0.0243416 
-905286 -73118.5 0 -0.0487311 
-942006 -127400 0 0.123441 
-1.02442e+006 -127167 0 0.265785 
-951701 -158743 0 0.205906 
-990586 -182544 0 0.281472 
-1.09485e+006 -141250 0 0.543379 
-1.10234e+006 -221477 0 0.584202 
-1.15657e+006 -225383 0 0.621187 
-1.18877e+006 -155324 0 0.633244 
-1.22232e+006 -227213 0 0.625542 
-964391 -8414.28 0 0.034162 
-1.00191e+006 -17818.5 0 0.149793 
-1.03231e+006 -11437.4 0 0.209291 
-1.05886e+006 -19251.6 0 0.254438 
-1.0912e+006 -40406.4 0 0.31542 
-1.16696e+006 -73236.4 0 0.649913 
-1.19713e+006 -74148.7 0 0.592134 
-1.14184e+006 -94963 0 0.612042 
-1.25834e+006 -110271 0 0.694612 
-1.28549e+006 -182847 0 0.64885 
-1.34129e+006 -63943.7 0 0.535087 
-1.34056e+006 -178757 0 0.634299 
-1.35863e+006 -232126 0 0.884228 
-1.40372e+006 -201530 0 0.758829 
-1.40781e+006 -135231 0 0.686261 
-1.38326e+006 -84222.8 0 0.555991 
-1.44797e+006 -108199 0 0.56078 
-1.42055e+006 -32282.1 0 0.37192 
-1.22883e+006 -10244.5 0 0.285983 
-1.2701e+006 -12667.2 0 0.287415 
-1.22522e+006 -46389.3 0 0.285686 
-1.31746e+006 -22680.3 0 0.464847 
-1.35181e+006 33160.1 0 0.117757 
-1.46731e+006 27774 0 -0.0738391 
-1.40706e+006 19378.8 0 0.082928 
-1.41537e+006 50762.6 0 0.115598 
-1.39946e+006 69842.8 0 0.211879 
-1.23136e+006 25273 0 0.262341 
-1.25772e+006 45249.8 0 0.216277 
-1.30692e+006 28364.8 0 0.18553 
-1.26159e+006 91335.3 0 0.23097 
-1.30859e+006 87359.9 0 0.21935 
-1.33744e+006 109992 0 0.164567 
-1.40945e+006 103574 0 0.12927 
-1.38975e+006 138656 0 0.172284 
-1.28581e+006 196314 0 0.264264 
-1.31465e+006 182791 0 0.202854 
-1.3111e+006 269929 0 0.308847 
-1.40607e+006 196966 0 0.0895711 
-1.35577e+006 195226 0 0.233283 
-1.33886e+006 240795 0 0.266417 
-1.34385e+006 317077 0 0.200828 
-1.32346e+006 361179 0 0.227703 
-1.32079e+006 387949 0 0.200466 
-1.4216e+006 326304 0 0.00631298 
-1.15363e+006 21355 0 0.355537 
-1.09231e+006 28978.7 0 0.305813 
-1.10462e+006 118154 0 0.291502 
-1.06416e+006 64768.9 0 0.280042 
-1.19137e+006 67451.1 0 0.232507 
-1.16296e+006 109357 0 0.260599 
-1.18565e+006 163907 0 0.251622 
-1.2263e+006 114356 0 0.24728 
-1.26206e+006 206683 0 0.29172 
-1.27582e+006 146019 0 0.243408 
-1.13752e+006 200322 0 0.321981 
-1.16128e+006 231185 0 0.329052 
-1.14485e+006 263861 0 0.342409 
-1.21423e+006 241964 0 0.33056 
-1.21822e+006 214844 0 0.294631 
-1.25016e+006 289748 0 0.394748 
-1.16187e+006 300405 0 0.385299 
-1.2088e+006 323268 0 0.522042 
-1.51932e+006 289389 0 0.0660995 
-1.40097e+006 284598 0 0.0871234 
-1.46112e+006 238305 0 0.112821 
-1.53093e+006 232519 0 0.0313767 
-1.65308e+006 299460 0 0.281195 
-1.61678e+006 330123 0 0.182888 
-1.52388e+006 114155 0 -0.0533597 
-1.48754e+006 169203 0 0.141376 
-1.48193e+006 142418 0 0.149314 
-1.57835e+006 206169 0 0.0344876 
-1.70734e+006 134082 0 -0.193288 
-1.7285e+006 67373.3 0 -0.220655 
-1.59493e+006 73561 0 -0.0734619 
-1.61099e+006 108773 0 -0.0671878 
-1.65203e+006 113751 0 -0.110257 
-1.6555e+006 221607 0 0.170776 
-1.63169e+006 182497 0 0.0566234 
-1.71215e+006 298571 0 0.395092 
-1.69647e+006 349817 0 0.374955 
-1.75463e+006 379641 0 0.421248 
-1.64608e+006 394772 0 0.246786 
-1.71291e+006 397382 0 0.382455 
-1.80601e+006 384620 0 0.345088 
-1.78195e+006 110415 0 -0.375361 
-1.82225e+006 118066 0 0.534303 
-1.82486e+006 198610 0 0.0663488 
-1.76118e+006 151354 0 -0.245504 
-1.74119e+006 210627 0 0.0219116 
-1.76836e+006 195177 0 -0.208536 
-1.80105e+006 243428 0 0.0997497 
-1.81334e+006 283993 0 0.186378 
-1.75902e+006 254216 0 0.217055 
-1.77713e+006 317281 0 0.26094 
-1.71723e+006 250021 0 0.429384 
-1.75853e+006 341600 0 0.474443 
-1.78166e+006 603049 0 0.278563 
-1.77832e+006 550870 0 0.319305 
-1.73836e+006 443454 0 0.3793 
-1.7594e+006 502609 0 0.357801 
-1.7867e+006 506711 0 0.336062 
-1.78955e+006 449702 0 0.352378 
-1.82578e+006 374501 0 0.30879 
-1.79833e+006 359622 0 0.345013 
-1.82922e+006 316693 0 0.229951 
-1.85912e+006 252166 0 0.145191 
-1.87318e+006 206529 0 0.138345 
-1.87073e+006 167420 0 0.159326 
-1.9057e+006 160149 0 0.12923 
-1.81539e+006 66420.2 0 0.060591 
-1.86589e+006 43109.7 0 0.135998 
-1.8757e+006 120712 0 0.126127 
-1.91674e+006 107739 0 0.112439 
-1.92948e+006 68933.6 0 0.155867 
-1.96303e+006 52474.7 0 0.165463 
-1.82387e+006 -7529.32 0 0.0383977 
-1.8665e+006 -25953.7 0 0.0755903 
-1.89131e+006 -45057.1 0 0.0928158 
-1.92253e+006 15310.5 0 0.137888 
-1.93222e+006 -20957.4 0 0.127144 
-1.96609e+006 -17247.6 0 0.149868 
-1.57489e+006 658372 0 0.220587 
-1.63291e+006 644997 0 0.29669 
-1.67107e+006 642912 0 0.319361 
-1.60204e+006 650596 0 0.268419 
-1.54585e+006 619021 0 0.184807 
-1.56609e+006 568611 0 0.210427 
-1.6129e+006 610521 0 0.295724 
-1.60623e+006 582214 0 0.299426 
-1.58986e+006 530549 0 0.250723 
-1.61203e+006 509885 0 0.31683 
-1.62488e+006 560727 0 0.352075 
-1.63831e+006 515509 0 0.44992 
-1.63286e+006 481614 0 0.322837 
-1.6422e+006 455085 0 0.286216 
-1.67593e+006 441085 0 0.339561 
-1.70343e+006 450055 0 0.374167 
-1.73517e+006 528724 0 0.363499 
-1.70328e+006 543560 0 0.376894 
-1.65146e+006 590465 0 0.354039 
-1.71718e+006 583242 0 0.329657 
-1.76859e+006 625196 0 0.270805 
-1.51399e+006 -6867.72 0 0.429803 
-1.52329e+006 51100.2 0 -0.0386637 
-1.51926e+006 -61713.9 0 0.416421 
-1.56992e+006 12609.3 0 -0.0469847 
-1.66e+006 11589.6 0 -0.107806 
-1.66025e+006 -53973.5 0 0.241407 
-1.62407e+006 -89102.6 0 0.396445 
-1.57567e+006 -105895 0 0.478105 
-1.50114e+006 -117815 0 0.59932 
-1.96102e+006 -64416.1 0 0.119841 
-1.98636e+006 -175564 0 0.0949897 
-1.96474e+006 -339586 0 0.503666 
-1.95384e+006 -305158 0 0.372564 
-1.98799e+006 -239993 0 0.162512 
-2.0031e+006 -268713 0 0.254568 
-2.02861e+006 -227542 0 0.17723 
-2.01128e+006 -351309 0 0.491028 
-2.00527e+006 -419082 0 0.588516 
-1.97555e+006 -415949 0 0.641711 
-1.98453e+006 -467997 0 0.615788 
-1.75385e+006 7173.67 0 -0.106047 
-1.72357e+006 -45754.4 0 -0.0153546 
-1.7912e+006 -33877.9 0 0.00277745 
-1.74826e+006 -109263 0 0.141802 
-1.80701e+006 -119766 0 -0.0283161 
-1.84541e+006 -80036.9 0 0.0308991 
-1.84635e+006 -124479 0 -0.016608 
-1.88639e+006 -122831 0 0.00970985 
-1.94506e+006 -103479 0 0.0642827 
-1.9182e+006 -139573 0 0.0122059 
-1.91923e+006 -182230 0 0.0188671 
-1.94961e+006 -220482 0 0.0830867 
-1.67971e+006 -114228 0 0.290756 
-1.72119e+006 -188602 0 0.24708 
-1.79382e+006 -211571 0 -0.0454423 
-1.82868e+006 -173955 0 -0.0443752 
-1.85941e+006 -182733 0 -0.0310108 
-1.86658e+006 -242368 0 0.0128824 
-1.889e+006 -259906 0 0.0089924 
-1.87743e+006 -305086 0 0.348969 
-1.8909e+006 -388311 0 0.93149 
-1.85826e+006 -366249 0 0.820274 
-1.84856e+006 -400705 0 1.06144 
-1.83737e+006 -407293 0 1.09307 
-1.839e+006 -427703 0 1.24977 
-1.87291e+006 -476618 0 0.612651 
-1.9039e+006 -439453 0 0.819953 
-1.83684e+006 -465442 0 0.743778 
-1.88634e+006 -216542 0 0.0119782 
-1.91656e+006 -256181 0 0.109755 
-1.92065e+006 -294508 0 0.307147 
-1.92304e+006 -340238 0 0.559144 
-1.94433e+006 -394046 0 0.70651 
-1.93002e+006 -440724 0 0.740854 
-1.83206e+006 -251138 0 0.0852693 
-1.83468e+006 -295607 0 0.313537 
-1.82771e+006 -326638 0 0.519452 
-1.79682e+006 -312854 0 0.438329 
-1.75201e+006 -328483 0 0.521081 
-1.75753e+006 -364625 0 0.578097 
-1.82532e+006 -386026 0 0.904827 
-1.78128e+006 -392378 0 0.692499 
-1.80492e+006 -421972 0 0.87172 
-1.81733e+006 -441438 0 0.910579 
-1.76879e+006 -439346 0 0.55671 
-1.77085e+006 -470830 0 0.384287 
-1.65201e+006 -799670 0 -0.0440536 
-1.63813e+006 -837798 0 0.11696 
-1.69871e+006 -902731 0 0.31776 
-1.6914e+006 -852501 0 0.237268 
-1.69262e+006 -830717 0 0.215961 
-1.68086e+006 -797720 0 0.14733 
-1.68311e+006 -756221 0 0.252331 
-1.70504e+006 -722694 0 0.172459 
-1.72499e+006 -699254 0 0.261018 
-1.67013e+006 -711169 0 -0.176456 
-1.82799e+006 -760002 0 0.769543 
-1.75787e+006 -801721 0 0.493116 
-1.80959e+006 -661565 0 1.23373 
-1.83054e+006 -585851 0 0.275701 
-1.87958e+006 -547451 0 0.472541 
-1.83068e+006 -540096 0 0.293928 
-1.83658e+006 -514094 0 0.390463 
-1.69446e+006 -658817 0 0.003833 
-1.75393e+006 -643538 0 0.289045 
-1.73547e+006 -609481 0 -0.193189 
-1.73821e+006 -576255 0 -0.142353 
-1.74945e+006 -541347 0 0.0614071 
-1.78997e+006 -533974 0 0.152087 
-1.76706e+006 -510629 0 0.186067 
-1.78888e+006 -488614 0 0.266515 
-1.86369e+006 -657899 0 0.907485 
-1.91562e+006 -513736 0 0.55581 
-1.94661e+006 -494462 0 0.614295 
-1.92236e+006 -604133 0 0.660018 
-1.92259e+006 -569123 0 0.597401 
-1.97986e+006 -499300 0 0.599404 
-1.96249e+006 -581140 0 0.572631 
-1.94846e+006 -622501 0 0.699073 
-1.88942e+006 -670459 0 0.858845 
-1.79753e+006 -877947 0 0.530089 
-1.83281e+006 -823639 0 0.650923 
-1.88375e+006 -762874 0 0.788286 
-1.89789e+006 -806120 0 0.723693 
-1.8007e+006 -908137 0 0.520762 
-1.83493e+006 -907666 0 0.562514 
-1.86322e+006 -911386 0 0.585087 
-1.82753e+006 -938720 0 0.540875 
-1.91771e+006 -668968 0 0.792052 
-1.9333e+006 -698332 0 0.783587 
-1.8327e+006 -952943 0 0.541027 
-1.85373e+006 -1.00748e+006 0 0.54287 
-1.77045e+006 -974085 0 0.485423 
-1.71915e+006 -974330 0 0.438855 
-1.7409e+006 -1.00262e+006 0 0.472607 
-1.69532e+006 -1.03471e+006 0 0.408322 
-1.68316e+006 -1.02255e+006 0 0.403044 
-1.65137e+006 -1.04101e+006 0 0.415957 
-1.73335e+006 -1.15285e+006 0 0.358491 
-1.66583e+006 -1.07408e+006 0 0.414555 
-1.57567e+006 -1.09267e+006 0 0.410943 
-1.60458e+006 -1.05662e+006 0 0.475497 
-1.65031e+006 -1.08657e+006 0 0.422524 
-1.62874e+006 -1.1095e+006 0 0.416616 
-1.58191e+006 -1.12166e+006 0 0.393474 
-1.58619e+006 -1.14873e+006 0 0.374293 
-1.58448e+006 -1.189e+006 0 0.345979 
-1.55734e+006 -1.21694e+006 0 0.320487 
-1.65989e+006 -181166 0 0.44733 
-1.70125e+006 -245677 0 0.431019 
-1.7146e+006 -309291 0 0.580397 
-1.65135e+006 -592676 0 0.246248 
-1.62916e+006 -655419 0 0.110199 
-1.60963e+006 -764879 0 0.0510227 
-1.57941e+006 -722802 0 0.160207 
-1.46524e+006 -793474 0 0.335119 
-1.50282e+006 -834686 0 0.277064 
-1.55471e+006 -835319 0 0.253726 
-1.59187e+006 -863322 0 0.2307 
-1.64527e+006 -944210 0 0.400174 
-1.55769e+006 -933892 0 0.325279 
-1.51339e+006 -977890 0 0.264428 
-1.44247e+006 -1.05777e+006 0 0.390427 
-1.48407e+006 -1.16674e+006 0 0.295499 
